200
7468
0 79 982
79 0 982
0 162 8164
162 0 8164
0 169 2620
169 0 2620
0 144 648
144 0 648
0 199 8021
199 0 8021
0 172 2069
172 0 2069
0 91 647
91 0 647
0 25 4122
25 0 4122
0 139 546
139 0 546
0 10 1913
10 0 1913
0 159 6461
159 0 6461
0 26 7905
26 0 7905
0 39 9047
39 0 9047
0 149 2183
149 0 2183
0 60 9146
60 0 9146
0 158 7420
158 0 7420
0 197 1724
197 0 1724
0 113 508
113 0 508
0 103 6647
103 0 6647
0 29 4612
29 0 4612
0 98 2367
98 0 2367
0 137 7896
137 0 7896
0 168 8700
168 0 8700
0 48 2437
48 0 2437
0 124 2909
124 0 2909
0 116 2597
116 0 2597
0 54 6399
54 0 6399
1 41 1689
41 1 1689
1 126 9365
126 1 9365
1 4 8026
4 1 8026
1 169 9342
169 1 9342
1 130 7005
130 1 7005
1 171 1438
171 1 1438
1 33 315
33 1 315
1 29 2455
29 1 2455
1 25 2328
25 1 2328
1 5 8847
5 1 8847
1 10 1873
10 1 1873
1 16 5409
16 1 5409
1 156 8643
156 1 8643
1 158 1397
158 1 1397
1 141 7731
141 1 7731
1 181 7908
181 1 7908
1 92 8177
92 1 8177
2 56 1239
56 2 1239
2 100 3381
100 2 3381
2 42 7313
42 2 7313
2 40 7212
40 2 7212
2 90 2483
90 2 2483
2 30 3031
30 2 3031
2 166 3877
166 2 3877
2 105 6521
105 2 6521
2 75 7729
75 2 7729
2 121 9640
121 2 9640
2 143 285
143 2 285
2 43 2165
43 2 2165
2 5 9006
5 2 9006
2 176 7097
176 2 7097
2 118 7711
118 2 7711
3 161 3924
161 3 3924
3 69 5285
69 3 5285
3 194 2490
194 3 2490
3 71 6508
71 3 6508
3 125 2625
125 3 2625
3 120 7639
120 3 7639
3 30 399
30 3 399
3 117 3626
117 3 3626
3 89 9446
89 3 9446
3 126 6808
126 3 6808
3 134 7582
134 3 7582
3 158 6133
158 3 6133
3 105 4769
105 3 4769
3 51 9267
51 3 9267
3 189 7536
189 3 7536
3 77 8058
77 3 8058
3 74 7044
74 3 7044
3 115 6771
115 3 6771
3 48 619
48 3 619
3 106 4383
106 3 4383
3 88 6363
88 3 6363
3 53 313
53 3 313
4 199 4009
199 4 4009
4 111 1522
111 4 1522
4 24 3496
24 4 3496
4 22 9432
22 4 9432
4 63 7836
63 4 7836
4 55 8262
55 4 8262
4 119 1862
119 4 1862
4 1 8026
1 4 8026
4 89 8919
89 4 8919
4 141 1195
141 4 1195
4 80 2469
80 4 2469
4 181 8806
181 4 8806
4 16 2514
16 4 2514
4 82 8407
82 4 8407
4 145 5308
145 4 5308
4 146 1087
146 4 1087
4 50 22
50 4 22
5 140 8200
140 5 8200
5 97 5594
97 5 5594
5 65 6627
65 5 6627
5 158 9500
158 5 9500
5 142 3110
142 5 3110
5 128 8525
128 5 8525
5 117 8547
117 5 8547
5 87 2039
87 5 2039
5 82 4949
82 5 4949
5 164 6473
164 5 6473
5 161 6897
161 5 6897
5 183 8021
183 5 8021
5 122 13
122 5 13
5 175 3512
175 5 3512
5 194 2233
194 5 2233
5 41 7265
41 5 7265
5 46 274
46 5 274
5 131 1514
131 5 1514
5 1 8847
1 5 8847
5 170 3722
170 5 3722
5 2 9006
2 5 9006
6 155 7027
155 6 7027
6 186 9522
186 6 9522
6 86 4976
86 6 4976
6 120 8739
120 6 8739
6 55 6616
55 6 6616
6 9 2904
9 6 2904
6 70 8206
70 6 8206
6 52 179
52 6 179
6 145 4823
145 6 4823
6 164 6019
164 6 6019
6 124 5670
124 6 5670
6 26 4888
26 6 4888
6 62 9920
62 6 9920
6 149 9031
149 6 9031
6 83 4061
83 6 4061
7 151 1257
151 7 1257
7 188 2780
188 7 2780
7 57 4708
57 7 4708
7 25 8342
25 7 8342
7 198 1918
198 7 1918
7 30 3987
30 7 3987
7 34 3160
34 7 3160
7 70 5829
70 7 5829
7 26 3483
26 7 3483
7 68 8815
68 7 8815
7 129 55
129 7 55
7 167 2076
167 7 2076
7 121 5338
121 7 5338
7 72 4528
72 7 4528
7 27 9996
27 7 9996
7 16 3535
16 7 3535
7 39 3193
39 7 3193
7 71 7308
71 7 7308
7 23 8434
23 7 8434
7 86 2833
86 7 2833
7 24 3949
24 7 3949
7 174 1022
174 7 1022
7 176 8508
176 7 8508
8 151 1087
151 8 1087
8 114 7827
114 8 7827
8 16 7002
16 8 7002
8 71 794
71 8 794
8 149 4539
149 8 4539
8 189 3613
189 8 3613
8 94 9480
94 8 9480
8 35 5284
35 8 5284
8 165 8702
165 8 8702
8 62 1753
62 8 1753
8 198 70
198 8 70
8 130 700
130 8 700
8 75 9340
75 8 9340
8 69 2
69 8 2
8 138 8701
138 8 8701
8 139 4163
139 8 4163
8 179 5995
179 8 5995
9 56 9988
56 9 9988
9 77 3771
77 9 3771
9 61 4816
61 9 4816
9 136 5273
136 9 5273
9 6 2904
6 9 2904
9 186 4786
186 9 4786
9 183 3207
183 9 3207
9 95 807
95 9 807
9 30 1184
30 9 1184
9 87 2539
87 9 2539
9 134 4650
134 9 4650
9 167 9495
167 9 9495
9 163 3866
163 9 3866
9 10 8988
10 9 8988
9 115 1493
115 9 1493
9 50 5578
50 9 5578
9 170 2029
170 9 2029
10 0 1913
0 10 1913
10 184 2045
184 10 2045
10 76 815
76 10 815
10 21 8425
21 10 8425
10 180 8448
180 10 8448
10 46 8727
46 10 8727
10 80 7299
80 10 7299
10 149 4802
149 10 4802
10 177 1696
177 10 1696
10 27 2275
27 10 2275
10 182 594
182 10 594
10 130 833
130 10 833
10 156 8497
156 10 8497
10 24 5057
24 10 5057
10 58 3203
58 10 3203
10 9 8988
9 10 8988
10 1 1873
1 10 1873
10 133 294
133 10 294
10 82 4211
82 10 4211
10 123 6180
123 10 6180
11 77 5753
77 11 5753
11 16 4602
16 11 4602
11 61 5676
61 11 5676
11 15 8068
15 11 8068
11 59 5933
59 11 5933
11 66 371
66 11 371
11 70 6734
70 11 6734
11 52 7001
52 11 7001
11 71 3626
71 11 3626
11 33 6690
33 11 6690
11 58 761
58 11 761
11 17 1520
17 11 1520
11 127 7542
127 11 7542
11 37 6699
37 11 6699
11 56 9416
56 11 9416
12 143 9987
143 12 9987
12 58 9801
58 12 9801
12 96 7026
96 12 7026
12 49 758
49 12 758
12 42 5400
42 12 5400
12 162 3870
162 12 3870
12 177 4194
177 12 4194
12 150 9629
150 12 9629
12 44 1794
44 12 1794
12 104 6821
104 12 6821
12 28 2784
28 12 2784
12 171 2070
171 12 2070
12 56 6850
56 12 6850
12 76 8638
76 12 8638
12 134 861
134 12 861
13 148 4352
148 13 4352
13 186 4874
186 13 4874
13 25 3841
25 13 3841
13 127 9662
127 13 9662
13 154 4446
154 13 4446
13 117 373
117 13 373
13 122 2733
122 13 2733
13 105 7912
105 13 7912
13 168 4333
168 13 4333
13 52 9197
52 13 9197
13 160 4275
160 13 4275
13 125 9602
125 13 9602
13 72 4106
72 13 4106
13 159 7860
159 13 7860
13 130 358
130 13 358
13 140 4477
140 13 4477
13 118 960
118 13 960
13 42 3199
42 13 3199
13 46 7898
46 13 7898
13 174 6718
174 13 6718
13 176 6741
176 13 6741
13 59 2464
59 13 2464
13 126 5682
126 13 5682
13 30 1945
30 13 1945
13 142 5848
142 13 5848
13 93 3551
93 13 3551
13 81 3283
81 13 3283
14 41 1789
41 14 1789
14 21 3571
21 14 3571
14 24 7019
24 14 7019
14 162 818
162 14 818
14 55 2334
55 14 2334
14 99 809
99 14 809
14 142 1041
142 14 1041
14 106 4589
106 14 4589
14 189 6854
189 14 6854
14 168 7485
168 14 7485
14 93 9606
93 14 9606
14 33 7961
33 14 7961
14 53 8983
53 14 8983
14 156 2136
156 14 2136
14 23 8040
23 14 8040
15 199 2848
199 15 2848
15 197 2223
197 15 2223
15 91 2896
91 15 2896
15 17 8663
17 15 8663
15 26 8673
26 15 8673
15 74 4116
74 15 4116
15 149 1680
149 15 1680
15 35 1555
35 15 1555
15 40 2747
40 15 2747
15 89 4558
89 15 4558
15 67 5894
67 15 5894
15 11 8068
11 15 8068
15 41 2596
41 15 2596
15 184 6280
184 15 6280
15 170 3482
170 15 3482
15 108 1469
108 15 1469
15 126 9807
126 15 9807
15 177 1714
177 15 1714
15 34 839
34 15 839
15 55 9828
55 15 9828
15 133 5203
133 15 5203
15 54 6680
54 15 6680
15 109 4252
109 15 4252
16 25 1275
25 16 1275
16 44 5114
44 16 5114
16 141 8016
141 16 8016
16 82 4615
82 16 4615
16 139 6440
139 16 6440
16 7 3535
7 16 3535
16 68 3610
68 16 3610
16 152 8545
152 16 8545
16 8 7002
8 16 7002
16 11 4602
11 16 4602
16 172 7312
172 16 7312
16 113 8915
113 16 8915
16 107 1942
107 16 1942
16 53 3115
53 16 3115
16 65 6176
65 16 6176
16 189 7000
189 16 7000
16 69 3899
69 16 3899
16 4 2514
4 16 2514
16 177 7464
177 16 7464
16 165 4762
165 16 4762
16 1 5409
1 16 5409
16 145 5362
145 16 5362
16 116 6266
116 16 6266
17 56 4216
56 17 4216
17 79 5252
79 17 5252
17 85 7517
85 17 7517
17 61 1926
61 17 1926
17 119 44
119 17 44
17 172 7256
172 17 7256
17 132 2702
132 17 2702
17 147 589
147 17 589
17 166 7625
166 17 7625
17 15 8663
15 17 8663
17 169 4989
169 17 4989
17 117 6388
117 17 6388
17 141 332
141 17 332
17 94 6122
94 17 6122
17 98 5717
98 17 5717
17 153 453
153 17 453
17 149 5150
149 17 5150
17 148 2664
148 17 2664
17 145 9000
145 17 9000
17 170 4403
170 17 4403
17 110 785
110 17 785
17 11 1520
11 17 1520
18 32 6938
32 18 6938
18 76 7013
76 18 7013
18 186 107
186 18 107
18 108 8397
108 18 8397
18 87 2002
87 18 2002
18 94 8691
94 18 8691
18 131 3157
131 18 3157
18 194 5038
194 18 5038
18 153 4320
153 18 4320
18 22 8560
22 18 8560
18 151 9751
151 18 9751
18 184 5896
184 18 5896
18 118 7406
118 18 7406
18 159 3997
159 18 3997
18 79 62
79 18 62
19 65 2667
65 19 2667
19 172 2676
172 19 2676
19 42 8105
42 19 8105
19 134 6434
134 19 6434
19 32 6387
32 19 6387
19 73 6183
73 19 6183
19 105 8785
105 19 8785
19 74 2484
74 19 2484
19 129 9048
129 19 9048
19 55 7194
55 19 7194
19 49 9507
49 19 9507
19 87 3014
87 19 3014
19 123 392
123 19 392
19 60 2580
60 19 2580
19 89 7372
89 19 7372
19 91 1704
91 19 1704
19 86 2639
86 19 2639
19 153 2398
153 19 2398
19 40 4203
40 19 4203
19 84 1435
84 19 1435
19 168 5990
168 19 5990
19 165 6086
165 19 6086
19 27 2234
27 19 2234
19 144 8099
144 19 8099
20 22 5183
22 20 5183
20 39 2199
39 20 2199
20 30 2556
30 20 2556
20 70 4986
70 20 4986
20 164 2151
164 20 2151
20 192 494
192 20 494
20 153 1845
153 20 1845
20 110 3060
110 20 3060
20 84 2880
84 20 2880
20 100 2775
100 20 2775
20 181 2447
181 20 2447
20 79 9884
79 20 9884
20 86 2681
86 20 2681
20 101 6643
101 20 6643
20 130 3748
130 20 3748
21 91 5592
91 21 5592
21 63 4257
63 21 4257
21 10 8425
10 21 8425
21 23 594
23 21 594
21 14 3571
14 21 3571
21 41 3783
41 21 3783
21 40 1374
40 21 1374
21 113 9960
113 21 9960
21 143 9362
143 21 9362
21 145 3620
145 21 3620
21 70 3243
70 21 3243
21 142 8603
142 21 8603
21 130 6075
130 21 6075
21 191 4606
191 21 4606
21 107 9656
107 21 9656
21 167 4356
167 21 4356
21 176 8713
176 21 8713
21 131 1560
131 21 1560
22 142 7543
142 22 7543
22 160 6863
160 22 6863
22 44 8074
44 22 8074
22 164 208
164 22 208
22 20 5183
20 22 5183
22 117 5079
117 22 5079
22 39 8336
39 22 8336
22 26 9054
26 22 9054
22 111 3201
111 22 3201
22 134 4560
134 22 4560
22 166 2133
166 22 2133
22 187 4236
187 22 4236
22 165 8077
165 22 8077
22 194 3179
194 22 3179
22 47 4485
47 22 4485
22 136 7591
136 22 7591
22 98 6485
98 22 6485
22 4 9432
4 22 9432
22 70 3316
70 22 3316
22 95 2431
95 22 2431
22 124 922
124 22 922
22 18 8560
18 22 8560
23 140 6862
140 23 6862
23 196 9337
196 23 9337
23 65 5879
65 23 5879
23 58 6941
58 23 6941
23 69 4670
69 23 4670
23 54 4106
54 23 4106
23 102 8083
102 23 8083
23 60 7906
60 23 7906
23 47 7959
47 23 7959
23 150 784
150 23 784
23 176 393
176 23 393
23 101 8731
101 23 8731
23 198 2838
198 23 2838
23 72 3509
72 23 3509
23 7 8434
7 23 8434
23 186 9327
186 23 9327
23 21 594
21 23 594
23 149 5669
149 23 5669
23 163 7312
163 23 7312
23 156 9540
156 23 9540
23 14 8040
14 23 8040
24 114 9233
114 24 9233
24 196 3875
196 24 3875
24 184 3573
184 24 3573
24 71 2332
71 24 2332
24 103 4899
103 24 4899
24 136 5378
136 24 5378
24 7 3949
7 24 3949
24 4 3496
4 24 3496
24 76 2729
76 24 2729
24 135 9251
135 24 9251
24 142 108
142 24 108
24 82 9569
82 24 9569
24 14 7019
14 24 7019
24 47 3214
47 24 3214
24 154 3242
154 24 3242
24 152 2477
152 24 2477
24 128 3005
128 24 3005
24 131 219
131 24 219
24 10 5057
10 24 5057
24 36 1591
36 24 1591
24 67 4188
67 24 4188
25 13 3841
13 25 3841
25 7 8342
7 25 8342
25 0 4122
0 25 4122
25 146 5759
146 25 5759
25 112 5553
112 25 5553
25 156 7
156 25 7
25 64 9434
64 25 9434
25 115 4221
115 25 4221
25 65 2747
65 25 2747
25 137 7027
137 25 7027
25 144 6697
144 25 6697
25 129 5706
129 25 5706
25 59 701
59 25 701
25 126 9896
126 25 9896
25 135 7200
135 25 7200
25 16 1275
16 25 1275
25 119 5788
119 25 5788
25 174 6165
174 25 6165
25 69 9252
69 25 9252
25 94 36
94 25 36
25 105 6940
105 25 6940
25 1 2328
1 25 2328
25 95 425
95 25 425
25 50 9329
50 25 9329
25 182 4842
182 25 4842
25 195 6754
195 25 6754
26 22 9054
22 26 9054
26 77 3066
77 26 3066
26 7 3483
7 26 3483
26 0 7905
0 26 7905
26 151 2124
151 26 2124
26 107 9929
107 26 9929
26 62 3896
62 26 3896
26 150 5915
150 26 5915
26 110 3101
110 26 3101
26 33 8912
33 26 8912
26 181 6234
181 26 6234
26 132 7749
132 26 7749
26 15 8673
15 26 8673
26 191 5344
191 26 5344
26 113 714
113 26 714
26 167 1578
167 26 1578
26 174 210
174 26 210
26 137 5918
137 26 5918
26 6 4888
6 26 4888
26 121 84
121 26 84
27 7 9996
7 27 9996
27 187 3816
187 27 3816
27 115 2638
115 27 2638
27 131 5604
131 27 5604
27 19 2234
19 27 2234
27 177 3642
177 27 3642
27 75 3705
75 27 3705
27 121 9165
121 27 9165
27 183 4164
183 27 4164
27 197 366
197 27 366
27 160 9217
160 27 9217
27 159 9059
159 27 9059
27 55 5375
55 27 5375
27 119 8874
119 27 8874
27 10 2275
10 27 2275
27 110 4495
110 27 4495
27 192 9441
192 27 9441
27 156 6880
156 27 6880
27 47 2803
47 27 2803
28 77 8190
77 28 8190
28 143 6452
143 28 6452
28 113 9478
113 28 9478
28 155 5083
155 28 5083
28 61 9692
61 28 9692
28 120 4537
120 28 4537
28 183 9797
183 28 9797
28 108 6873
108 28 6873
28 152 5446
152 28 5446
28 66 3449
66 28 3449
28 171 5830
171 28 5830
28 110 1005
110 28 1005
28 99 1642
99 28 1642
28 147 3252
147 28 3252
28 12 2784
12 28 2784
29 77 5469
77 29 5469
29 118 7372
118 29 7372
29 143 1616
143 29 1616
29 129 1356
129 29 1356
29 58 4458
58 29 4458
29 39 9818
39 29 9818
29 78 503
78 29 503
29 42 6233
42 29 6233
29 147 4760
147 29 4760
29 41 263
41 29 263
29 0 4612
0 29 4612
29 56 5668
56 29 5668
29 184 3846
184 29 3846
29 100 6979
100 29 6979
29 93 6976
93 29 6976
29 105 7819
105 29 7819
29 1 2455
1 29 2455
29 70 9294
70 29 9294
30 3 399
3 30 399
30 7 3987
7 30 3987
30 49 2598
49 30 2598
30 74 7688
74 30 7688
30 46 7840
46 30 7840
30 98 8583
98 30 8583
30 189 5055
189 30 5055
30 111 5231
111 30 5231
30 113 7617
113 30 7617
30 117 6949
117 30 6949
30 179 3598
179 30 3598
30 20 2556
20 30 2556
30 198 5564
198 30 5564
30 13 1945
13 30 1945
30 2 3031
2 30 3031
30 34 9855
34 30 9855
30 9 1184
9 30 1184
30 145 2837
145 30 2837
30 50 3739
50 30 3739
30 82 6588
82 30 6588
30 45 5964
45 30 5964
31 135 3823
135 31 3823
31 76 1689
76 31 1689
31 91 3395
91 31 3395
31 120 1615
120 31 1615
31 84 7494
84 31 7494
31 172 9631
172 31 9631
31 176 6902
176 31 6902
31 87 8129
87 31 8129
31 35 7329
35 31 7329
31 115 6065
115 31 6065
31 60 3332
60 31 3332
31 67 7352
67 31 7352
31 118 1914
118 31 1914
31 81 8571
81 31 8571
31 69 9909
69 31 9909
32 143 4841
143 32 4841
32 172 5949
172 32 5949
32 169 3648
169 32 3648
32 112 652
112 32 652
32 109 1986
109 32 1986
32 81 3577
81 32 3577
32 60 1837
60 32 1837
32 96 5671
96 32 5671
32 54 1252
54 32 1252
32 18 6938
18 32 6938
32 47 914
47 32 914
32 73 3642
73 32 3642
32 124 67
124 32 67
32 88 3089
88 32 3089
32 175 3258
175 32 3258
32 19 6387
19 32 6387
32 137 6960
137 32 6960
32 152 6574
152 32 6574
32 170 3913
170 32 3913
33 85 6435
85 33 6435
33 155 8641
155 33 8641
33 71 2540
71 33 2540
33 180 5267
180 33 5267
33 26 8912
26 33 8912
33 57 8824
57 33 8824
33 178 8528
178 33 8528
33 61 9864
61 33 9864
33 69 2348
69 33 2348
33 56 5471
56 33 5471
33 52 236
52 33 236
33 167 3923
167 33 3923
33 100 3383
100 33 3383
33 141 7791
141 33 7791
33 54 7174
54 33 7174
33 1 315
1 33 315
33 146 9758
146 33 9758
33 14 7961
14 33 7961
33 198 8196
198 33 8196
33 11 6690
11 33 6690
34 56 3693
56 34 3693
34 7 3160
7 34 3160
34 143 3087
143 34 3087
34 113 490
113 34 490
34 64 8910
64 34 8910
34 177 5774
177 34 5774
34 171 992
171 34 992
34 15 839
15 34 839
34 117 8640
117 34 8640
34 40 6749
40 34 6749
34 30 9855
30 34 9855
34 38 853
38 34 853
34 63 6071
63 34 6071
34 165 2816
165 34 2816
34 183 7437
183 34 7437
34 48 3098
48 34 3098
34 181 7369
181 34 7369
34 109 4985
109 34 4985
34 92 8775
92 34 8775
35 79 2032
79 35 2032
35 129 7589
129 35 7589
35 122 6226
122 35 6226
35 15 1555
15 35 1555
35 149 116
149 35 116
35 87 7759
87 35 7759
35 99 8612
99 35 8612
35 8 5284
8 35 5284
35 197 6280
197 35 6280
35 48 953
48 35 953
35 142 5111
142 35 5111
35 41 4917
41 35 4917
35 133 979
133 35 979
35 158 6043
158 35 6043
35 31 7329
31 35 7329
35 66 2380
66 35 2380
35 147 9550
147 35 9550
35 47 7266
47 35 7266
36 196 9188
196 36 9188
36 118 9313
118 36 9313
36 186 4105
186 36 4105
36 190 3573
190 36 3573
36 108 2135
108 36 2135
36 74 751
74 36 751
36 199 7541
199 36 7541
36 138 8208
138 36 8208
36 154 609
154 36 609
36 141 6433
141 36 6433
36 24 1591
24 36 1591
36 131 821
131 36 821
36 155 7714
155 36 7714
36 106 1144
106 36 1144
36 98 7757
98 36 7757
37 90 7087
90 37 7087
37 87 502
87 37 502
37 131 6092
131 37 6092
37 125 5441
125 37 5441
37 146 8391
146 37 8391
37 11 6699
11 37 6699
37 129 5227
129 37 5227
37 145 4400
145 37 4400
37 107 8712
107 37 8712
37 99 1369
99 37 1369
37 133 4730
133 37 4730
37 86 2975
86 37 2975
37 98 6169
98 37 6169
37 182 5213
182 37 5213
37 108 4945
108 37 4945
38 199 4319
199 38 4319
38 97 3993
97 38 3993
38 129 2414
129 38 2414
38 39 2489
39 38 2489
38 195 9267
195 38 9267
38 132 8145
132 38 8145
38 81 3528
81 38 3528
38 43 9175
43 38 9175
38 41 5464
41 38 5464
38 126 6103
126 38 6103
38 92 6132
92 38 6132
38 179 9506
179 38 9506
38 191 7454
191 38 7454
38 118 1376
118 38 1376
38 114 983
114 38 983
38 80 7400
80 38 7400
38 34 853
34 38 853
39 22 8336
22 39 8336
39 0 9047
0 39 9047
39 119 7760
119 39 7760
39 100 2885
100 39 2885
39 20 2199
20 39 2199
39 143 7772
143 39 7772
39 95 5739
95 39 5739
39 135 4658
135 39 4658
39 183 4306
183 39 4306
39 188 4263
188 39 4263
39 29 9818
29 39 9818
39 38 2489
38 39 2489
39 107 8883
107 39 8883
39 7 3193
7 39 3193
39 79 9657
79 39 9657
39 180 2338
180 39 2338
39 161 3056
161 39 3056
39 70 2826
70 39 2826
39 67 5800
67 39 5800
40 199 2622
199 40 2622
40 77 63
77 40 63
40 65 4654
65 40 4654
40 197 7215
197 40 7215
40 58 284
58 40 284
40 74 7333
74 40 7333
40 21 1374
21 40 1374
40 180 5235
180 40 5235
40 15 2747
15 40 2747
40 153 901
153 40 901
40 149 7278
149 40 7278
40 2 7212
2 40 7212
40 102 7917
102 40 7917
40 162 5256
162 40 5256
40 19 4203
19 40 4203
40 90 7776
90 40 7776
40 34 6749
34 40 6749
40 146 1858
146 40 1858
40 164 3741
164 40 3741
40 106 8116
106 40 8116
41 159 2382
159 41 2382
41 155 6539
155 41 6539
41 5 7265
5 41 7265
41 14 1789
14 41 1789
41 60 8096
60 41 8096
41 163 347
163 41 347
41 193 6498
193 41 6498
41 171 5383
171 41 5383
41 103 2726
103 41 2726
41 123 3496
123 41 3496
41 160 4792
160 41 4792
41 158 5951
158 41 5951
41 116 7074
116 41 7074
41 1 1689
1 41 1689
41 185 9391
185 41 9391
41 61 3249
61 41 3249
41 78 9404
78 41 9404
41 38 5464
38 41 5464
41 186 3075
186 41 3075
41 21 3783
21 41 3783
41 29 263
29 41 263
41 15 2596
15 41 2596
41 136 4572
136 41 4572
41 162 1278
162 41 1278
41 59 6663
59 41 6663
41 69 9396
69 41 9396
41 35 4917
35 41 4917
41 72 9154
72 41 9154
42 199 8943
199 42 8943
42 158 9621
158 42 9621
42 96 3906
96 42 3906
42 19 8105
19 42 8105
42 163 6849
163 42 6849
42 12 5400
12 42 5400
42 2 7313
2 42 7313
42 132 8488
132 42 8488
42 107 8964
107 42 8964
42 29 6233
29 42 6233
42 78 5052
78 42 5052
42 130 8231
130 42 8231
42 166 8120
166 42 8120
42 13 3199
13 42 3199
42 129 2685
129 42 2685
42 137 7965
137 42 7965
42 176 9544
176 42 9544
42 142 1171
142 42 1171
42 64 5805
64 42 5805
42 117 8008
117 42 8008
42 139 4482
139 42 4482
42 92 8479
92 42 8479
43 196 4900
196 43 4900
43 143 2276
143 43 2276
43 197 2619
197 43 2619
43 38 9175
38 43 9175
43 86 7875
86 43 7875
43 190 8130
190 43 8130
43 165 6953
165 43 6953
43 169 6940
169 43 6940
43 162 18
162 43 18
43 78 9988
78 43 9988
43 144 2888
144 43 2888
43 172 5518
172 43 5518
43 56 9979
56 43 9979
43 81 3134
81 43 3134
43 53 4113
53 43 4113
43 2 2165
2 43 2165
44 56 4630
56 44 4630
44 22 8074
22 44 8074
44 111 9496
111 44 9496
44 129 4994
129 44 4994
44 85 8207
85 44 8207
44 16 5114
16 44 5114
44 119 5279
119 44 5279
44 168 662
168 44 662
44 161 3436
161 44 3436
44 169 8060
169 44 8060
44 117 5918
117 44 5918
44 123 3290
123 44 3290
44 109 8317
109 44 8317
44 12 1794
12 44 1794
44 166 1163
166 44 1163
45 56 2413
56 45 2413
45 151 9550
151 45 9550
45 85 7512
85 45 7512
45 122 132
122 45 132
45 137 2860
137 45 2860
45 194 8206
194 45 8206
45 175 9923
175 45 9923
45 118 2687
118 45 2687
45 53 9328
53 45 9328
45 195 9632
195 45 9632
45 72 5109
72 45 5109
45 30 5964
30 45 5964
45 172 2969
172 45 2969
45 192 199
192 45 199
45 79 7968
79 45 7968
45 193 2429
193 45 2429
46 56 9584
56 46 9584
46 113 9480
113 46 9480
46 144 9483
144 46 9483
46 189 5892
189 46 5892
46 181 8382
181 46 8382
46 30 7840
30 46 7840
46 128 9533
128 46 9533
46 141 5297
141 46 5297
46 57 1229
57 46 1229
46 145 2959
145 46 2959
46 5 274
5 46 274
46 13 7898
13 46 7898
46 188 5939
188 46 5939
46 10 8727
10 46 8727
46 75 2138
75 46 2138
46 69 2236
69 46 2236
47 151 5835
151 47 5835
47 22 4485
22 47 4485
47 32 914
32 47 914
47 23 7959
23 47 7959
47 24 3214
24 47 3214
47 134 8869
134 47 8869
47 52 3578
52 47 3578
47 161 201
161 47 201
47 27 2803
27 47 2803
47 140 7941
140 47 7941
47 35 7266
35 47 7266
47 84 2792
84 47 2792
47 85 3588
85 47 3588
47 123 2593
123 47 2593
47 129 7921
129 47 7921
48 159 8648
159 48 8648
48 153 2962
153 48 2962
48 108 7520
108 48 7520
48 35 953
35 48 953
48 177 9747
177 48 9747
48 191 3113
191 48 3113
48 111 2935
111 48 2935
48 34 3098
34 48 3098
48 70 3441
70 48 3441
48 3 619
3 48 619
48 95 9901
95 48 9901
48 170 9736
170 48 9736
48 162 4688
162 48 4688
48 0 2437
0 48 2437
48 132 5167
132 48 5167
48 116 2896
116 48 2896
48 104 9278
104 48 9278
49 151 5767
151 49 5767
49 111 6454
111 49 6454
49 184 3968
184 49 3968
49 76 5220
76 49 5220
49 19 9507
19 49 9507
49 164 2667
164 49 2667
49 97 990
97 49 990
49 186 2485
186 49 2485
49 197 3798
197 49 3798
49 12 758
12 49 758
49 127 2987
127 49 2987
49 188 7031
188 49 7031
49 51 9931
51 49 9931
49 126 3622
126 49 3622
49 30 2598
30 49 2598
49 178 2502
178 49 2502
49 190 5026
190 49 5026
49 152 4905
152 49 4905
50 79 7589
79 50 7589
50 71 4882
71 50 4882
50 136 1096
136 50 1096
50 137 8755
137 50 8755
50 108 662
108 50 662
50 66 4225
66 50 4225
50 180 158
180 50 158
50 131 6107
131 50 6107
50 188 8899
188 50 8899
50 158 3017
158 50 3017
50 4 22
4 50 22
50 9 5578
9 50 5578
50 30 3739
30 50 3739
50 119 5675
119 50 5675
50 25 9329
25 50 9329
50 175 1625
175 50 1625
51 3 9267
3 51 9267
51 114 4973
114 51 4973
51 158 7816
158 51 7816
51 184 8925
184 51 8925
51 187 7805
187 51 7805
51 96 9063
96 51 9063
51 49 9931
49 51 9931
51 136 9846
136 51 9846
51 90 424
90 51 424
51 149 634
149 51 634
51 55 2416
55 51 2416
51 106 3647
106 51 3647
51 67 7601
67 51 7601
51 167 1134
167 51 1134
51 178 3504
178 51 3504
52 13 9197
13 52 9197
52 113 7352
113 52 7352
52 155 4662
155 52 4662
52 61 153
61 52 153
52 84 1227
84 52 1227
52 176 9852
176 52 9852
52 33 236
33 52 236
52 6 179
6 52 179
52 11 7001
11 52 7001
52 47 3578
47 52 3578
52 70 9285
70 52 9285
52 85 7353
85 52 7353
52 149 662
149 52 662
52 182 5304
182 52 5304
52 124 8054
124 52 8054
52 53 8361
53 52 8361
53 196 2223
196 53 2223
53 65 2906
65 53 2906
53 135 1794
135 53 1794
53 187 4883
187 53 4883
53 16 3115
16 53 3115
53 108 7832
108 53 7832
53 43 4113
43 53 4113
53 181 438
181 53 438
53 14 8983
14 53 8983
53 199 4899
199 53 4899
53 111 2279
111 53 2279
53 168 2296
168 53 2296
53 3 313
3 53 313
53 52 8361
52 53 8361
53 137 6261
137 53 6261
53 45 9328
45 53 9328
54 32 1252
32 54 1252
54 187 5181
187 54 5181
54 100 6050
100 54 6050
54 23 4106
23 54 4106
54 168 7795
168 54 7795
54 148 3088
148 54 3088
54 33 7174
33 54 7174
54 192 8583
192 54 8583
54 0 6399
0 54 6399
54 144 3342
144 54 3342
54 104 8477
104 54 8477
54 165 3686
165 54 3686
54 120 44
120 54 44
54 15 6680
15 54 6680
54 81 3547
81 54 3547
55 100 3516
100 55 3516
55 19 7194
19 55 7194
55 178 5284
178 55 5284
55 126 3031
126 55 3031
55 4 8262
4 55 8262
55 160 9811
160 55 9811
55 15 9828
15 55 9828
55 14 2334
14 55 2334
55 51 2416
51 55 2416
55 6 6616
6 55 6616
55 76 7923
76 55 7923
55 181 7267
181 55 7267
55 87 3375
87 55 3375
55 60 1315
60 55 1315
55 116 1934
116 55 1934
55 27 5375
27 55 5375
55 123 552
123 55 552
55 99 361
99 55 361
56 17 4216
17 56 4216
56 93 558
93 56 558
56 185 8815
185 56 8815
56 2 1239
2 56 1239
56 84 6678
84 56 6678
56 44 4630
44 56 4630
56 45 2413
45 56 2413
56 34 3693
34 56 3693
56 83 6563
83 56 6563
56 184 9772
184 56 9772
56 66 8012
66 56 8012
56 46 9584
46 56 9584
56 154 893
154 56 893
56 63 810
63 56 810
56 9 9988
9 56 9988
56 79 8722
79 56 8722
56 159 2058
159 56 2058
56 58 2689
58 56 2689
56 78 2330
78 56 2330
56 29 5668
29 56 5668
56 183 7592
183 56 7592
56 43 9979
43 56 9979
56 161 6483
161 56 6483
56 115 656
115 56 656
56 33 5471
33 56 5471
56 105 4868
105 56 4868
56 130 6342
130 56 6342
56 182 9093
182 56 9093
56 12 6850
12 56 6850
56 11 9416
11 56 9416
57 151 5877
151 57 5877
57 97 3677
97 57 3677
57 7 4708
7 57 4708
57 129 7020
129 57 7020
57 58 5735
58 57 5735
57 120 8818
120 57 8818
57 46 1229
46 57 1229
57 101 6906
101 57 6906
57 149 4857
149 57 4857
57 89 7141
89 57 7141
57 85 5989
85 57 5989
57 174 3675
174 57 3675
57 78 2365
78 57 2365
57 33 8824
33 57 8824
57 185 8993
185 57 8993
57 124 1050
124 57 1050
57 73 7934
73 57 7934
57 146 2267
146 57 2267
57 192 6166
192 57 6166
58 85 1293
85 58 1293
58 146 2651
146 58 2651
58 148 2405
148 58 2405
58 140 9126
140 58 9126
58 111 4585
111 58 4585
58 57 5735
57 58 5735
58 73 4470
73 58 4470
58 23 6941
23 58 6941
58 198 8958
198 58 8958
58 56 2689
56 58 2689
58 12 9801
12 58 9801
58 161 391
161 58 391
58 29 4458
29 58 4458
58 179 2435
179 58 2435
58 40 284
40 58 284
58 71 7154
71 58 7154
58 100 1804
100 58 1804
58 86 4628
86 58 4628
58 167 4170
167 58 4170
58 98 671
98 58 671
58 69 8055
69 58 8055
58 10 3203
10 58 3203
58 11 761
11 58 761
59 199 3269
199 59 3269
59 97 2073
97 59 2073
59 25 701
25 59 701
59 184 6670
184 59 6670
59 119 2231
119 59 2231
59 13 2464
13 59 2464
59 126 1402
126 59 1402
59 11 5933
11 59 5933
59 41 6663
41 59 6663
59 188 4415
188 59 4415
59 106 52
106 59 52
59 145 2317
145 59 2317
59 111 2570
111 59 2570
59 153 6667
153 59 6667
59 176 5345
176 59 5345
59 171 2781
171 59 2781
60 0 9146
0 60 9146
60 158 49
158 60 49
60 32 1837
32 60 1837
60 41 8096
41 60 8096
60 19 2580
19 60 2580
60 23 7906
23 60 7906
60 86 9053
86 60 9053
60 162 448
162 60 448
60 189 9775
189 60 9775
60 154 5301
154 60 5301
60 172 4803
172 60 4803
60 114 3324
114 60 3324
60 195 5577
195 60 5577
60 170 6888
170 60 6888
60 31 3332
31 60 3332
60 55 1315
55 60 1315
60 130 6924
130 60 6924
60 194 8928
194 60 8928
61 96 9163
96 61 9163
61 52 153
52 61 153
61 119 3851
119 61 3851
61 17 1926
17 61 1926
61 153 3238
153 61 3238
61 11 5676
11 61 5676
61 87 9007
87 61 9007
61 151 7404
151 61 7404
61 28 9692
28 61 9692
61 160 4144
160 61 4144
61 9 4816
9 61 4816
61 104 2736
104 61 2736
61 41 3249
41 61 3249
61 106 5324
106 61 5324
61 114 1913
114 61 1913
61 120 4145
120 61 4145
61 115 7419
115 61 7419
61 33 9864
33 61 9864
61 192 6610
192 61 6610
61 102 8383
102 61 8383
62 140 5607
140 62 5607
62 76 5873
76 62 5873
62 26 3896
26 62 3896
62 168 5160
168 62 5160
62 94 5264
94 62 5264
62 68 2323
68 62 2323
62 124 1315
124 62 1315
62 157 5709
157 62 5709
62 101 5806
101 62 5806
62 8 1753
8 62 1753
62 102 9314
102 62 9314
62 70 3007
70 62 3007
62 130 5257
130 62 5257
62 91 9006
91 62 9006
62 95 5638
95 62 5638
62 6 9920
6 62 9920
63 56 810
56 63 810
63 97 3909
97 63 3909
63 96 2201
96 63 2201
63 21 4257
21 63 4257
63 119 2385
119 63 2385
63 176 7660
176 63 7660
63 82 2716
82 63 2716
63 80 9744
80 63 9744
63 110 2663
110 63 2663
63 144 2685
144 63 2685
63 129 2493
129 63 2493
63 147 6419
147 63 6419
63 105 256
105 63 256
63 140 158
140 63 158
63 85 414
85 63 414
63 86 9403
86 63 9403
63 120 771
120 63 771
63 101 4635
101 63 4635
63 4 7836
4 63 7836
63 66 2090
66 63 2090
63 34 6071
34 63 6071
63 130 4631
130 63 4631
63 181 4701
181 63 4701
63 109 6711
109 63 6711
64 151 3595
151 64 3595
64 65 6930
65 64 6930
64 25 9434
25 64 9434
64 96 6170
96 64 6170
64 122 9599
122 64 9599
64 174 7920
174 64 7920
64 154 5533
154 64 5533
64 101 1652
101 64 1652
64 76 4069
76 64 4069
64 197 3575
197 64 3575
64 80 3054
80 64 3054
64 198 11
198 64 11
64 94 6605
94 64 6605
64 34 8910
34 64 8910
64 42 5805
42 64 5805
64 70 439
70 64 439
64 133 9956
133 64 9956
64 73 6617
73 64 6617
64 164 3705
164 64 3705
64 139 5376
139 64 5376
65 79 2902
79 65 2902
65 67 8312
67 65 8312
65 141 777
141 65 777
65 155 2965
155 65 2965
65 40 4654
40 65 4654
65 5 6627
5 65 6627
65 83 7710
83 65 7710
65 101 3328
101 65 3328
65 64 6930
64 65 6930
65 53 2906
53 65 2906
65 23 5879
23 65 5879
65 111 2271
111 65 2271
65 92 5873
92 65 5873
65 93 3424
93 65 3424
65 19 2667
19 65 2667
65 25 2747
25 65 2747
65 129 5826
129 65 5826
65 16 6176
16 65 6176
65 68 824
68 65 824
65 88 3012
88 65 3012
66 56 8012
56 66 8012
66 101 5417
101 66 5417
66 174 5048
174 66 5048
66 152 6204
152 66 6204
66 11 371
11 66 371
66 136 1414
136 66 1414
66 132 3802
132 66 3802
66 63 2090
63 66 2090
66 97 980
97 66 980
66 199 475
199 66 475
66 170 1394
170 66 1394
66 35 2380
35 66 2380
66 28 3449
28 66 3449
66 123 1880
123 66 1880
66 50 4225
50 66 4225
66 194 5737
194 66 5737
66 99 6216
99 66 6216
66 102 1468
102 66 1468
67 140 3540
140 67 3540
67 196 8223
196 67 8223
67 77 7924
77 67 7924
67 65 8312
65 67 8312
67 143 2277
143 67 2277
67 173 7082
173 67 7082
67 15 5894
15 67 5894
67 162 4920
162 67 4920
67 145 3895
145 67 3895
67 51 7601
51 67 7601
67 139 9624
139 67 9624
67 39 5800
39 67 5800
67 24 4188
24 67 4188
67 31 7352
31 67 7352
67 185 2528
185 67 2528
68 7 8815
7 68 8815
68 197 6284
197 68 6284
68 16 3610
16 68 3610
68 155 9959
155 68 9959
68 74 3354
74 68 3354
68 167 2357
167 68 2357
68 101 1172
101 68 1172
68 189 8022
189 68 8022
68 138 9030
138 68 9030
68 160 6171
160 68 6171
68 95 4815
95 68 4815
68 188 5215
188 68 5215
68 65 824
65 68 824
68 93 1427
93 68 1427
68 62 2323
62 68 2323
69 3 5285
3 69 5285
69 23 4670
23 69 4670
69 147 7231
147 69 7231
69 25 9252
25 69 9252
69 16 3899
16 69 3899
69 58 8055
58 69 8055
69 46 2236
46 69 2236
69 41 9396
41 69 9396
69 174 3256
174 69 3256
69 148 2366
148 69 2366
69 91 96
91 69 96
69 152 6532
152 69 6532
69 177 3394
177 69 3394
69 167 1295
167 69 1295
69 155 4830
155 69 4830
69 33 2348
33 69 2348
69 8 2
8 69 2
69 123 9089
123 69 9089
69 31 9909
31 69 9909
69 182 5332
182 69 5332
70 7 5829
7 70 5829
70 21 3243
21 70 3243
70 137 1229
137 70 1229
70 80 1711
80 70 1711
70 169 1539
169 70 1539
70 48 3441
48 70 3441
70 22 3316
22 70 3316
70 133 7485
133 70 7485
70 11 6734
11 70 6734
70 29 9294
29 70 9294
70 20 4986
20 70 4986
70 141 6038
141 70 6038
70 64 439
64 70 439
70 6 8206
6 70 8206
70 39 2826
39 70 2826
70 144 6127
144 70 6127
70 52 9285
52 70 9285
70 62 3007
62 70 3007
70 185 7143
185 70 7143
70 170 6702
170 70 6702
71 3 6508
3 71 6508
71 77 5839
77 71 5839
71 118 6215
118 71 6215
71 113 8350
113 71 8350
71 8 794
8 71 794
71 7 7308
7 71 7308
71 112 8782
112 71 8782
71 101 3377
101 71 3377
71 33 2540
33 71 2540
71 24 2332
24 71 2332
71 58 7154
58 71 7154
71 171 3153
171 71 3153
71 88 4836
88 71 4836
71 177 5128
177 71 5128
71 50 4882
50 71 4882
71 119 2287
119 71 2287
71 173 2019
173 71 2019
71 152 541
152 71 541
71 95 859
95 71 859
71 145 4264
145 71 4264
71 170 8573
170 71 8573
71 156 604
156 71 604
71 11 3626
11 71 3626
72 13 4106
13 72 4106
72 7 4528
7 72 4528
72 158 4969
158 72 4969
72 96 6534
96 72 6534
72 76 2438
76 72 2438
72 23 3509
23 72 3509
72 173 2581
173 72 2581
72 149 8061
149 72 8061
72 138 4428
138 72 4428
72 148 5233
148 72 5233
72 41 9154
41 72 9154
72 89 5133
89 72 5133
72 77 212
77 72 212
72 193 8521
193 72 8521
72 171 2239
171 72 2239
72 45 5109
45 72 5109
73 158 8960
158 73 8960
73 32 3642
32 73 3642
73 58 4470
58 73 4470
73 19 6183
19 73 6183
73 98 7031
98 73 7031
73 178 1223
178 73 1223
73 92 5576
92 73 5576
73 163 8627
163 73 8627
73 57 7934
57 73 7934
73 64 6617
64 73 6617
73 109 6731
109 73 6731
73 107 8251
107 73 8251
73 164 2602
164 73 2602
73 120 1468
120 73 1468
73 181 1873
181 73 1873
73 175 8129
175 73 8129
74 114 9140
114 74 9140
74 140 9237
140 74 9237
74 79 2187
79 74 2187
74 85 259
85 74 259
74 19 2484
19 74 2484
74 91 6095
91 74 6095
74 96 1883
96 74 1883
74 40 7333
40 74 7333
74 86 3244
86 74 3244
74 68 3354
68 74 3354
74 119 6892
119 74 6892
74 130 5902
130 74 5902
74 30 7688
30 74 7688
74 107 5943
107 74 5943
74 3 7044
3 74 7044
74 15 4116
15 74 4116
74 190 1403
190 74 1403
74 80 2609
80 74 2609
74 36 751
36 74 751
75 114 7291
114 75 7291
75 184 3674
184 75 3674
75 180 3275
180 75 3275
75 46 2138
46 75 2138
75 142 1079
142 75 1079
75 27 3705
27 75 3705
75 124 1865
124 75 1865
75 177 8433
177 75 8433
75 2 7729
2 75 7729
75 113 9690
113 75 9690
75 99 1793
99 75 1793
75 199 4623
199 75 4623
75 198 6878
198 75 6878
75 137 5683
137 75 5683
75 140 1969
140 75 1969
75 125 9595
125 75 9595
75 8 9340
8 75 9340
75 82 4424
82 75 4424
75 88 6942
88 75 6942
76 111 3500
111 76 3500
76 159 105
159 76 105
76 188 5702
188 76 5702
76 190 5135
190 76 5135
76 123 8896
123 76 8896
76 197 5081
197 76 5081
76 18 7013
18 76 7013
76 72 2438
72 76 2438
76 62 5873
62 76 5873
76 128 2337
128 76 2337
76 10 815
10 76 815
76 132 2481
132 76 2481
76 191 561
191 76 561
76 31 1689
31 76 1689
76 49 5220
49 76 5220
76 86 7040
86 76 7040
76 24 2729
24 76 2729
76 64 4069
64 76 4069
76 105 9161
105 76 9161
76 152 4483
152 76 4483
76 55 7923
55 76 7923
76 171 4771
171 76 4771
76 12 8638
12 76 8638
77 9 3771
9 77 3771
77 67 7924
67 77 7924
77 11 5753
11 77 5753
77 29 5469
29 77 5469
77 157 6367
157 77 6367
77 121 6207
121 77 6207
77 26 3066
26 77 3066
77 115 2732
115 77 2732
77 40 63
40 77 63
77 71 5839
71 77 5839
77 160 6310
160 77 6310
77 3 8058
3 77 8058
77 103 1377
103 77 1377
77 82 3955
82 77 3955
77 28 8190
28 77 8190
77 97 6603
97 77 6603
77 153 8423
153 77 8423
77 136 1910
136 77 1910
77 134 6919
134 77 6919
77 72 212
72 77 212
77 144 7244
144 77 7244
78 140 7918
140 78 7918
78 100 3205
100 78 3205
78 164 3768
164 78 3768
78 95 3059
95 78 3059
78 118 4117
118 78 4117
78 151 6519
151 78 6519
78 56 2330
56 78 2330
78 41 9404
41 78 9404
78 165 8726
165 78 8726
78 160 8395
160 78 8395
78 29 503
29 78 503
78 88 5169
88 78 5169
78 133 5792
133 78 5792
78 116 9043
116 78 9043
78 128 7314
128 78 7314
78 42 5052
42 78 5052
78 108 9677
108 78 9677
78 57 2365
57 78 2365
78 43 9988
43 78 9988
78 166 820
166 78 820
78 192 7737
192 78 7737
78 193 5784
193 78 5784
79 35 2032
35 79 2032
79 83 4645
83 79 4645
79 0 982
0 79 982
79 114 1417
114 79 1417
79 150 6728
150 79 6728
79 111 5208
111 79 5208
79 50 7589
50 79 7589
79 151 9606
151 79 9606
79 112 917
112 79 917
79 17 5252
17 79 5252
79 120 2257
120 79 2257
79 74 2187
74 79 2187
79 56 8722
56 79 8722
79 132 7217
132 79 7217
79 178 7729
178 79 7729
79 118 108
118 79 108
79 65 2902
65 79 2902
79 39 9657
39 79 9657
79 96 7213
96 79 7213
79 171 7715
171 79 7715
79 88 7224
88 79 7224
79 18 62
18 79 62
79 45 7968
45 79 7968
79 20 9884
20 79 9884
80 114 2608
114 80 2608
80 196 5540
196 80 5540
80 96 8866
96 80 8866
80 100 4493
100 80 4493
80 63 9744
63 80 9744
80 10 7299
10 80 7299
80 70 1711
70 80 1711
80 108 2519
108 80 2519
80 135 1409
135 80 1409
80 38 7400
38 80 7400
80 74 2609
74 80 2609
80 141 424
141 80 424
80 140 4032
140 80 4032
80 182 3061
182 80 3061
80 183 4485
183 80 4485
80 94 7627
94 80 7627
80 4 2469
4 80 2469
80 142 9810
142 80 9810
80 64 3054
64 80 3054
80 88 6124
88 80 6124
81 32 3577
32 81 3577
81 129 3349
129 81 3349
81 155 4691
155 81 4691
81 38 3528
38 81 3528
81 172 591
172 81 591
81 176 7882
176 81 7882
81 43 3134
43 81 3134
81 115 8491
115 81 8491
81 131 4162
131 81 4162
81 134 519
134 81 519
81 130 3457
130 81 3457
81 127 6834
127 81 6834
81 31 8571
31 81 8571
81 54 3547
54 81 3547
81 13 3283
13 81 3283
82 77 3955
77 82 3955
82 5 4949
5 82 4949
82 184 9306
184 82 9306
82 16 4615
16 82 4615
82 63 2716
63 82 2716
82 24 9569
24 82 9569
82 148 6823
148 82 6823
82 4 8407
4 82 8407
82 166 8200
166 82 8200
82 116 8516
116 82 8516
82 164 1555
164 82 1555
82 150 162
150 82 162
82 30 6588
30 82 6588
82 75 4424
75 82 4424
82 10 4211
10 82 4211
83 56 6563
56 83 6563
83 79 4645
79 83 4645
83 118 6417
118 83 6417
83 65 7710
65 83 7710
83 197 5999
197 83 5999
83 135 4270
135 83 4270
83 85 195
85 83 195
83 103 5330
103 83 5330
83 153 5421
153 83 5421
83 136 4367
136 83 4367
83 94 3812
94 83 3812
83 158 8763
158 83 8763
83 169 2436
169 83 2436
83 106 2954
106 83 2954
83 84 9888
84 83 9888
83 133 9312
133 83 9312
83 6 4061
6 83 4061
84 56 6678
56 84 6678
84 159 3613
159 84 3613
84 155 6669
155 84 6669
84 167 6193
167 84 6193
84 135 6221
135 84 6221
84 179 5525
179 84 5525
84 31 7494
31 84 7494
84 117 1102
117 84 1102
84 191 544
191 84 544
84 128 517
128 84 517
84 92 2349
92 84 2349
84 86 7478
86 84 7478
84 188 1147
188 84 1147
84 52 1227
52 84 1227
84 19 1435
19 84 1435
84 166 8110
166 84 8110
84 132 836
132 84 836
84 83 9888
83 84 9888
84 131 3873
131 84 3873
84 127 4644
127 84 4644
84 109 6060
109 84 6060
84 20 2880
20 84 2880
84 47 2792
47 84 2792
85 114 4291
114 85 4291
85 196 9714
196 85 9714
85 143 8808
143 85 8808
85 58 1293
58 85 1293
85 125 937
125 85 937
85 188 1115
188 85 1115
85 17 7517
17 85 7517
85 44 8207
44 85 8207
85 45 7512
45 85 7512
85 176 7010
176 85 7010
85 179 4604
179 85 4604
85 74 259
74 85 259
85 156 4447
156 85 4447
85 83 195
83 85 195
85 33 6435
33 85 6435
85 119 5230
119 85 5230
85 63 414
63 85 414
85 183 801
183 85 801
85 57 5989
57 85 5989
85 141 1663
141 85 1663
85 52 7353
52 85 7353
85 116 4220
116 85 4220
85 47 3588
47 85 3588
86 159 8712
159 86 8712
86 118 518
118 86 518
86 74 3244
74 86 3244
86 93 9647
93 86 9647
86 58 4628
58 86 4628
86 60 9053
60 86 9053
86 43 7875
43 86 7875
86 167 9716
167 86 9716
86 63 9403
63 86 9403
86 163 3629
163 86 3629
86 19 2639
19 86 2639
86 7 2833
7 86 2833
86 76 7040
76 86 7040
86 6 4976
6 86 4976
86 158 19
158 86 19
86 84 7478
84 86 7478
86 190 6921
190 86 6921
86 87 8011
87 86 8011
86 166 1022
166 86 1022
86 157 4081
157 86 4081
86 109 1219
109 86 1219
86 20 2681
20 86 2681
86 37 2975
37 86 2975
87 5 2039
5 87 2039
87 61 9007
61 87 9007
87 19 3014
19 87 3014
87 112 7322
112 87 7322
87 135 9026
135 87 9026
87 31 8129
31 87 8129
87 37 502
37 87 502
87 150 2295
150 87 2295
87 149 6770
149 87 6770
87 182 5547
182 87 5547
87 35 7759
35 87 7759
87 86 8011
86 87 8011
87 93 4629
93 87 4629
87 114 6611
114 87 6611
87 18 2002
18 87 2002
87 160 1726
160 87 1726
87 55 3375
55 87 3375
87 9 2539
9 87 2539
87 124 5012
124 87 5012
87 88 6267
88 87 6267
88 32 3089
32 88 3089
88 71 4836
71 88 4836
88 122 1723
122 88 1723
88 78 5169
78 88 5169
88 173 858
173 88 858
88 75 6942
75 88 6942
88 3 6363
3 88 6363
88 198 2446
198 88 2446
88 104 2736
104 88 2736
88 65 3012
65 88 3012
88 179 6612
179 88 6612
88 79 7224
79 88 7224
88 162 4055
162 88 4055
88 87 6267
87 88 6267
88 80 6124
80 88 6124
89 151 4427
151 89 4427
89 3 9446
3 89 9446
89 114 1117
114 89 1117
89 118 928
118 89 928
89 184 7284
184 89 7284
89 19 7372
19 89 7372
89 15 4558
15 89 4558
89 107 9076
107 89 9076
89 178 3149
178 89 3149
89 138 7846
138 89 7846
89 57 7141
57 89 7141
89 4 8919
4 89 8919
89 72 5133
72 89 5133
89 143 6223
143 89 6223
89 173 6914
173 89 6914
90 159 383
159 90 383
90 180 5060
180 90 5060
90 173 3418
173 90 3418
90 112 4626
112 90 4626
90 94 1806
94 90 1806
90 2 2483
2 90 2483
90 191 6625
191 90 6625
90 51 424
51 90 424
90 114 1105
114 90 1105
90 136 4129
136 90 4129
90 141 9164
141 90 9164
90 40 7776
40 90 7776
90 157 5553
157 90 5553
90 37 7087
37 90 7087
90 199 1988
199 90 1988
91 0 647
0 91 647
91 129 4320
129 91 4320
91 107 1844
107 91 1844
91 133 610
133 91 610
91 193 426
193 91 426
91 176 3182
176 91 3182
91 74 6095
74 91 6095
91 19 1704
19 91 1704
91 93 6085
93 91 6085
91 127 556
127 91 556
91 21 5592
21 91 5592
91 15 2896
15 91 2896
91 185 7980
185 91 7980
91 31 3395
31 91 3395
91 138 6763
138 91 6763
91 120 3819
120 91 3819
91 137 8080
137 91 8080
91 69 96
69 91 96
91 62 9006
62 91 9006
92 65 5873
65 92 5873
92 38 6132
38 92 6132
92 180 4071
180 92 4071
92 153 4073
153 92 4073
92 84 2349
84 92 2349
92 105 7477
105 92 7477
92 73 5576
73 92 5576
92 149 9213
149 92 9213
92 97 6617
97 92 6617
92 146 7807
146 92 7807
92 42 8479
42 92 8479
92 151 6543
151 92 6543
92 34 8775
34 92 8775
92 166 5670
166 92 5670
92 1 8177
1 92 8177
93 56 558
56 93 558
93 65 3424
65 93 3424
93 91 6085
91 93 6085
93 119 2733
119 93 2733
93 86 9647
86 93 9647
93 29 6976
29 93 6976
93 190 8318
190 93 8318
93 138 7116
138 93 7116
93 108 1299
108 93 1299
93 87 4629
87 93 4629
93 169 9318
169 93 9318
93 68 1427
68 93 1427
93 13 3551
13 93 3551
93 114 3350
114 93 3350
93 170 9959
170 93 9959
93 14 9606
14 93 9606
94 118 8126
118 94 8126
94 111 555
111 94 555
94 119 1104
119 94 1104
94 17 6122
17 94 6122
94 90 1806
90 94 1806
94 172 4092
172 94 4092
94 195 231
195 94 231
94 25 36
25 94 36
94 146 1278
146 94 1278
94 18 8691
18 94 8691
94 124 2917
124 94 2917
94 8 9480
8 94 9480
94 62 5264
62 94 5264
94 80 7627
80 94 7627
94 83 3812
83 94 3812
94 64 6605
64 94 6605
94 104 6026
104 94 6026
95 39 5739
39 95 5739
95 78 3059
78 95 3059
95 103 9639
103 95 9639
95 112 712
112 95 712
95 161 3737
161 95 3737
95 154 1251
154 95 1251
95 9 807
9 95 807
95 48 9901
48 95 9901
95 150 5643
150 95 5643
95 22 2431
22 95 2431
95 71 859
71 95 859
95 25 425
25 95 425
95 68 4815
68 95 4815
95 142 9274
142 95 9274
95 182 5939
182 95 5939
95 62 5638
62 95 5638
95 146 6736
146 95 6736
95 192 8831
192 95 8831
96 32 5671
32 96 5671
96 184 7065
184 96 7065
96 51 9063
51 96 9063
96 63 2201
63 96 2201
96 187 4695
187 96 4695
96 191 6411
191 96 6411
96 42 3906
42 96 3906
96 72 6534
72 96 6534
96 12 7026
12 96 7026
96 111 7969
111 96 7969
96 80 8866
80 96 8866
96 79 7213
79 96 7213
96 61 9163
61 96 9163
96 64 6170
64 96 6170
96 139 6527
139 96 6527
96 74 1883
74 96 1883
96 136 4667
136 96 4667
97 114 5825
114 97 5825
97 130 4614
130 97 4614
97 63 3909
63 97 3909
97 154 5515
154 97 5515
97 138 1235
138 97 1235
97 38 3993
38 97 3993
97 101 8330
101 97 8330
97 59 2073
59 97 2073
97 199 2690
199 97 2690
97 165 2364
165 97 2364
97 77 6603
77 97 6603
97 161 6139
161 97 6139
97 57 3677
57 97 3677
97 116 9545
116 97 9545
97 5 5594
5 97 5594
97 143 7198
143 97 7198
97 49 990
49 97 990
97 149 2093
149 97 2093
97 142 4300
142 97 4300
97 66 980
66 97 980
97 92 6617
92 97 6617
98 103 9140
103 98 9140
98 17 5717
17 98 5717
98 173 5675
173 98 5675
98 156 6818
156 98 6818
98 131 6234
131 98 6234
98 181 2897
181 98 2897
98 150 4990
150 98 4990
98 182 3577
182 98 3577
98 58 671
58 98 671
98 132 2090
132 98 2090
98 22 6485
22 98 6485
98 152 4560
152 98 4560
98 30 8583
30 98 8583
98 73 7031
73 98 7031
98 0 2367
0 98 2367
98 126 1408
126 98 1408
98 36 7757
36 98 7757
98 192 4566
192 98 4566
98 193 5832
193 98 5832
98 37 6169
37 98 6169
99 158 6567
158 99 6567
99 136 7178
136 99 7178
99 162 9709
162 99 9709
99 189 6674
189 99 6674
99 35 8612
35 99 8612
99 141 2994
141 99 2994
99 75 1793
75 99 1793
99 66 6216
66 99 6216
99 28 1642
28 99 1642
99 55 361
55 99 361
99 143 6605
143 99 6605
99 127 2584
127 99 2584
99 152 9522
152 99 9522
99 144 5512
144 99 5512
99 14 809
14 99 809
99 37 1369
37 99 1369
100 187 8531
187 100 8531
100 39 2885
39 100 2885
100 156 1393
156 100 1393
100 170 4083
170 100 4083
100 54 6050
54 100 6050
100 143 3619
143 100 3619
100 2 3381
2 100 3381
100 112 5024
112 100 5024
100 80 4493
80 100 4493
100 162 6033
162 100 6033
100 55 3516
55 100 3516
100 128 8821
128 100 8821
100 183 9591
183 100 9591
100 58 1804
58 100 1804
100 78 3205
78 100 3205
100 29 6979
29 100 6979
100 137 2902
137 100 2902
100 142 4042
142 100 4042
100 33 3383
33 100 3383
100 20 2775
20 100 2775
101 97 8330
97 101 8330
101 65 3328
65 101 3328
101 143 7884
143 101 7884
101 71 3377
71 101 3377
101 23 8731
23 101 8731
101 180 3585
180 101 3585
101 136 6814
136 101 6814
101 171 6572
171 101 6572
101 57 6906
57 101 6906
101 63 4635
63 101 4635
101 116 2689
116 101 2689
101 176 4462
176 101 4462
101 66 5417
66 101 5417
101 182 9634
182 101 9634
101 68 1172
68 101 1172
101 64 1652
64 101 1652
101 177 1334
177 101 1334
101 160 8230
160 101 8230
101 62 5806
62 101 5806
101 139 6370
139 101 6370
101 20 6643
20 101 6643
102 199 6851
199 102 6851
102 122 8756
122 102 8756
102 23 8083
23 102 8083
102 40 7917
40 102 7917
102 190 9683
190 102 9683
102 62 9314
62 102 9314
102 111 7409
111 102 7409
102 109 491
109 102 491
102 130 2920
130 102 2920
102 195 696
195 102 696
102 185 9654
185 102 9654
102 61 8383
61 102 8383
102 112 5248
112 102 5248
102 66 1468
66 102 1468
102 113 1318
113 102 1318
103 140 8162
140 103 8162
103 77 1377
77 103 1377
103 41 2726
41 103 2726
103 122 9213
122 103 9213
103 0 6647
0 103 6647
103 125 8615
125 103 8615
103 199 7083
199 103 7083
103 196 4174
196 103 4174
103 83 5330
83 103 5330
103 191 4219
191 103 4219
103 141 6236
141 103 6236
103 98 9140
98 103 9140
103 95 9639
95 103 9639
103 24 4899
24 103 4899
103 171 561
171 103 561
103 178 8827
178 103 8827
103 168 3712
168 103 3712
104 184 1033
184 104 1033
104 61 2736
61 104 2736
104 112 3388
112 104 3388
104 115 7899
115 104 7899
104 88 2736
88 104 2736
104 163 4661
163 104 4661
104 182 7722
182 104 7722
104 54 8477
54 104 8477
104 189 2518
189 104 2518
104 179 341
179 104 341
104 94 6026
94 104 6026
104 118 9930
118 104 9930
104 119 9333
119 104 9333
104 12 6821
12 104 6821
104 48 9278
48 104 9278
105 13 7912
13 105 7912
105 3 4769
3 105 4769
105 114 9598
114 105 9598
105 140 674
140 105 674
105 111 4854
111 105 4854
105 19 8785
19 105 8785
105 63 256
63 105 256
105 180 5332
180 105 5332
105 189 3305
189 105 3305
105 2 6521
2 105 6521
105 29 7819
29 105 7819
105 92 7477
92 105 7477
105 25 6940
25 105 6940
105 76 9161
76 105 9161
105 56 4868
56 105 4868
105 110 6460
110 105 6460
106 113 2032
113 106 2032
106 122 4581
122 106 4581
106 61 5324
61 106 5324
106 186 2610
186 106 2610
106 59 52
59 106 52
106 115 9864
115 106 9864
106 83 2954
83 106 2954
106 181 8313
181 106 8313
106 36 1144
36 106 1144
106 168 668
168 106 668
106 51 3647
51 106 3647
106 3 4383
3 106 4383
106 40 8116
40 106 8116
106 145 7862
145 106 7862
106 111 7448
111 106 7448
106 14 4589
14 106 4589
106 175 6806
175 106 6806
107 199 9976
199 107 9976
107 184 8699
184 107 8699
107 16 1942
16 107 1942
107 39 8883
39 107 8883
107 155 7039
155 107 7039
107 91 1844
91 107 1844
107 74 5943
74 107 5943
107 21 9656
21 107 9656
107 42 8964
42 107 8964
107 26 9929
26 107 9929
107 173 5669
173 107 5669
107 89 9076
89 107 9076
107 144 521
144 107 521
107 142 972
142 107 972
107 112 4342
112 107 4342
107 73 8251
73 107 8251
107 125 525
125 107 525
107 37 8712
37 107 8712
108 151 2743
151 108 2743
108 135 8658
135 108 8658
108 80 2519
80 108 2519
108 168 382
168 108 382
108 50 662
50 108 662
108 48 7520
48 108 7520
108 128 2464
128 108 2464
108 78 9677
78 108 9677
108 53 7832
53 108 7832
108 36 2135
36 108 2135
108 93 1299
93 108 1299
108 184 6644
184 108 6644
108 28 6873
28 108 6873
108 18 8397
18 108 8397
108 15 1469
15 108 1469
108 37 4945
37 108 4945
109 196 751
196 109 751
109 32 1986
32 109 1986
109 144 6099
144 109 6099
109 117 9403
117 109 9403
109 73 6731
73 109 6731
109 125 1073
125 109 1073
109 102 491
102 109 491
109 34 4985
34 109 4985
109 136 8848
136 109 8848
109 164 4097
164 109 4097
109 84 6060
84 109 6060
109 86 1219
86 109 1219
109 44 8317
44 109 8317
109 63 6711
63 109 6711
109 15 4252
15 109 4252
110 196 4083
196 110 4083
110 143 5456
143 110 5456
110 113 2027
113 110 2027
110 63 2663
63 110 2663
110 26 3101
26 110 3101
110 190 5723
190 110 5723
110 161 8771
161 110 8771
110 151 1940
151 110 1940
110 27 4495
27 110 4495
110 105 6460
105 110 6460
110 28 1005
28 110 1005
110 129 9137
129 110 9137
110 132 6767
132 110 6767
110 17 785
17 110 785
110 159 9702
159 110 9702
110 20 3060
20 110 3060
111 22 3201
22 111 3201
111 140 130
140 111 130
111 79 5208
79 111 5208
111 180 2524
180 111 2524
111 94 555
94 111 555
111 76 3500
76 111 3500
111 182 9037
182 111 9037
111 163 1492
163 111 1492
111 154 7915
154 111 7915
111 105 4854
105 111 4854
111 49 6454
49 111 6454
111 132 9083
132 111 9083
111 4 1522
4 111 1522
111 44 9496
44 111 9496
111 172 7338
172 111 7338
111 65 2271
65 111 2271
111 58 4585
58 111 4585
111 96 7969
96 111 7969
111 59 2570
59 111 2570
111 30 5231
30 111 5231
111 148 8736
148 111 8736
111 48 2935
48 111 2935
111 157 383
157 111 383
111 127 7645
127 111 7645
111 106 7448
106 111 7448
111 102 7409
102 111 7409
111 53 2279
53 111 2279
111 195 5663
195 111 5663
112 79 917
79 112 917
112 32 652
32 112 652
112 25 5553
25 112 5553
112 71 8782
71 112 8782
112 100 5024
100 112 5024
112 107 4342
107 112 4342
112 131 5383
131 112 5383
112 115 8036
115 112 8036
112 183 4999
183 112 4999
112 87 7322
87 112 7322
112 104 3388
104 112 3388
112 186 6332
186 112 6332
112 189 697
189 112 697
112 135 1984
135 112 1984
112 95 712
95 112 712
112 90 4626
90 112 4626
112 102 5248
102 112 5248
113 28 9478
28 113 9478
113 179 8490
179 113 8490
113 188 3102
188 113 3102
113 110 2027
110 113 2027
113 191 6813
191 113 6813
113 140 6388
140 113 6388
113 71 8350
71 113 8350
113 114 3112
114 113 3112
113 151 9627
151 113 9627
113 52 7352
52 113 7352
113 128 168
128 113 168
113 106 2032
106 113 2032
113 0 508
0 113 508
113 46 9480
46 113 9480
113 34 490
34 113 490
113 16 8915
16 113 8915
113 21 9960
21 113 9960
113 26 714
26 113 714
113 30 7617
30 113 7617
113 75 9690
75 113 9690
113 116 7876
116 113 7876
113 192 4000
192 113 4000
113 102 1318
102 113 1318
113 193 949
193 113 949
114 151 4383
151 114 4383
114 175 8236
175 114 8236
114 74 9140
74 114 9140
114 24 9233
24 114 9233
114 8 7827
8 114 7827
114 97 5825
97 114 5825
114 51 4973
51 114 4973
114 145 9828
145 114 9828
114 80 2608
80 114 2608
114 127 9072
127 114 9072
114 85 4291
85 114 4291
114 75 7291
75 114 7291
114 89 1117
89 114 1117
114 105 9598
105 114 9598
114 143 3825
143 114 3825
114 79 1417
79 114 1417
114 113 3112
113 114 3112
114 61 1913
61 114 1913
114 38 983
38 114 983
114 90 1105
90 114 1105
114 87 6611
87 114 6611
114 128 7465
128 114 7465
114 165 3001
165 114 3001
114 60 3324
60 114 3324
114 116 1399
116 114 1399
114 93 3350
93 114 3350
115 77 2732
77 115 2732
115 25 4221
25 115 4221
115 112 8036
112 115 8036
115 178 8099
178 115 8099
115 31 6065
31 115 6065
115 104 7899
104 115 7899
115 61 7419
61 115 7419
115 106 9864
106 115 9864
115 81 8491
81 115 8491
115 185 8639
185 115 8639
115 175 4512
175 115 4512
115 191 5906
191 115 5906
115 56 656
56 115 656
115 3 6771
3 115 6771
115 27 2638
27 115 2638
115 9 1493
9 115 1493
116 97 9545
97 116 9545
116 197 3936
197 116 3936
116 41 7074
41 116 7074
116 78 9043
78 116 9043
116 101 2689
101 116 2689
116 55 1934
55 116 1934
116 113 7876
113 116 7876
116 82 8516
82 116 8516
116 85 4220
85 116 4220
116 195 3366
195 116 3366
116 0 2597
0 116 2597
116 48 2896
48 116 2896
116 137 7762
137 116 7762
116 16 6266
16 116 6266
116 114 1399
114 116 1399
117 13 373
13 117 373
117 22 5079
22 117 5079
117 3 3626
3 117 3626
117 5 8547
5 117 8547
117 122 2088
122 117 2088
117 180 8129
180 117 8129
117 17 6388
17 117 6388
117 84 1102
84 117 1102
117 30 6949
30 117 6949
117 165 3979
165 117 3979
117 34 8640
34 117 8640
117 42 8008
42 117 8008
117 44 5918
44 117 5918
117 176 8279
176 117 8279
117 109 9403
109 117 9403
117 127 6289
127 117 6289
118 79 108
79 118 108
118 153 741
153 118 741
118 129 730
129 118 730
118 83 6417
83 118 6417
118 71 6215
71 118 6215
118 29 7372
29 118 7372
118 169 275
169 118 275
118 167 1890
167 118 1890
118 156 9158
156 118 9158
118 89 928
89 118 928
118 120 6261
120 118 6261
118 36 9313
36 118 9313
118 94 8126
94 118 8126
118 13 960
13 118 960
118 86 518
86 118 518
118 78 4117
78 118 4117
118 38 1376
38 118 1376
118 162 5189
162 118 5189
118 168 3511
168 118 3511
118 194 617
194 118 617
118 2 7711
2 118 7711
118 31 1914
31 118 1914
118 18 7406
18 118 7406
118 45 2687
45 118 2687
118 195 2824
195 118 2824
118 104 9930
104 118 9930
119 39 7760
39 119 7760
119 61 3851
61 119 3851
119 71 2287
71 119 2287
119 93 2733
93 119 2733
119 85 5230
85 119 5230
119 94 1104
94 119 1104
119 163 5926
163 119 5926
119 25 5788
25 119 5788
119 17 44
17 119 44
119 154 6822
154 119 6822
119 59 2231
59 119 2231
119 184 556
184 119 556
119 44 5279
44 119 5279
119 178 3327
178 119 3327
119 158 5811
158 119 5811
119 74 6892
74 119 6892
119 63 2385
63 119 2385
119 4 1862
4 119 1862
119 177 8906
177 119 8906
119 27 8874
27 119 8874
119 50 5675
50 119 5675
119 104 9333
104 119 9333
120 3 7639
3 120 7639
120 79 2257
79 120 2257
120 196 6502
196 120 6502
120 118 6261
118 120 6261
120 135 1320
135 120 1320
120 155 195
155 120 195
120 28 4537
28 120 4537
120 6 8739
6 120 8739
120 57 8818
57 120 8818
120 31 1615
31 120 1615
120 167 7186
167 120 7186
120 61 4145
61 120 4145
120 91 3819
91 120 3819
120 172 2976
172 120 2976
120 63 771
63 120 771
120 174 8821
174 120 8821
120 190 8606
190 120 8606
120 161 1977
161 120 1977
120 131 3867
131 120 3867
120 73 1468
73 120 1468
120 164 7147
164 120 7147
120 147 8115
147 120 8115
120 54 44
54 120 44
121 77 6207
77 121 6207
121 7 5338
7 121 5338
121 173 8205
173 121 8205
121 167 1574
167 121 1574
121 161 3518
161 121 3518
121 165 6712
165 121 6712
121 134 6345
134 121 6345
121 27 9165
27 121 9165
121 191 1494
191 121 1494
121 127 7247
127 121 7247
121 188 2017
188 121 2017
121 2 9640
2 121 9640
121 147 3230
147 121 3230
121 26 84
26 121 84
121 178 7377
178 121 7377
122 13 2733
13 122 2733
122 197 3493
197 122 3493
122 5 13
5 122 13
122 103 9213
103 122 9213
122 106 4581
106 122 4581
122 88 1723
88 122 1723
122 117 2088
117 122 2088
122 127 1602
127 122 1602
122 154 3251
154 122 3251
122 45 132
45 122 132
122 35 6226
35 122 6226
122 183 2832
183 122 2832
122 102 8756
102 122 8756
122 64 9599
64 122 9599
122 123 6490
123 122 6490
122 144 8804
144 122 8804
122 192 7460
192 122 7460
123 140 168
140 123 168
123 158 6580
158 123 6580
123 41 3496
41 123 3496
123 122 6490
122 123 6490
123 76 8896
76 123 8896
123 19 392
19 123 392
123 66 1880
66 123 1880
123 157 1870
157 123 1870
123 146 9014
146 123 9014
123 164 9797
164 123 9797
123 135 7388
135 123 7388
123 55 552
55 123 552
123 10 6180
10 123 6180
123 69 9089
69 123 9089
123 44 3290
44 123 3290
123 47 2593
47 123 2593
124 32 67
32 124 67
124 173 9048
173 124 9048
124 94 2917
94 124 2917
124 52 8054
52 124 8054
124 0 2909
0 124 2909
124 62 1315
62 124 1315
124 75 1865
75 124 1865
124 87 5012
87 124 5012
124 57 1050
57 124 1050
124 22 922
22 124 922
124 172 2615
172 124 2615
124 187 230
187 124 230
124 171 8515
171 124 8515
124 195 4519
195 124 4519
124 137 9932
137 124 9932
124 182 9920
182 124 9920
124 6 5670
6 124 5670
125 13 9602
13 125 9602
125 3 2625
3 125 2625
125 158 2980
158 125 2980
125 85 937
85 125 937
125 180 8920
180 125 8920
125 103 8615
103 125 8615
125 178 7436
178 125 7436
125 190 3989
190 125 3989
125 160 4512
160 125 4512
125 107 525
107 125 525
125 154 307
154 125 307
125 109 1073
109 125 1073
125 133 5002
133 125 5002
125 37 5441
37 125 5441
125 75 9595
75 125 9595
125 179 7176
179 125 7176
126 3 6808
3 126 6808
126 159 7534
159 126 7534
126 25 9896
25 126 9896
126 38 6103
38 126 6103
126 49 3622
49 126 3622
126 136 4069
136 126 4069
126 59 1402
59 126 1402
126 155 6372
155 126 6372
126 1 9365
1 126 9365
126 15 9807
15 126 9807
126 55 3031
55 126 3031
126 138 2526
138 126 2526
126 13 5682
13 126 5682
126 98 1408
98 126 1408
126 166 3756
166 126 3756
126 134 1752
134 126 1752
126 160 6643
160 126 6643
126 145 8151
145 126 8151
127 13 9662
13 127 9662
127 114 9072
114 127 9072
127 122 1602
122 127 1602
127 91 556
91 127 556
127 49 2987
49 127 2987
127 189 2968
189 127 2968
127 117 6289
117 127 6289
127 156 6815
156 127 6815
127 131 2789
131 127 2789
127 183 6339
183 127 6339
127 197 1860
197 127 1860
127 111 7645
111 127 7645
127 121 7247
121 127 7247
127 84 4644
84 127 4644
127 81 6834
81 127 6834
127 99 2584
99 127 2584
127 195 1760
195 127 1760
127 11 7542
11 127 7542
128 5 8525
5 128 8525
128 113 168
113 128 168
128 100 8821
100 128 8821
128 76 2337
76 128 2337
128 78 7314
78 128 7314
128 46 9533
46 128 9533
128 84 517
84 128 517
128 174 7121
174 128 7121
128 183 5623
183 128 5623
128 108 2464
108 128 2464
128 142 8021
142 128 8021
128 166 5370
166 128 5370
128 24 3005
24 128 3005
128 158 6895
158 128 6895
128 114 7465
114 128 7465
129 118 730
118 129 730
129 7 55
7 129 55
129 25 5706
25 129 5706
129 44 4994
44 129 4994
129 35 7589
35 129 7589
129 29 1356
29 129 1356
129 183 8488
183 129 8488
129 177 615
177 129 615
129 91 4320
91 129 4320
129 57 7020
57 129 7020
129 81 3349
81 129 3349
129 173 4481
173 129 4481
129 65 5826
65 129 5826
129 38 2414
38 129 2414
129 193 9429
193 129 9429
129 155 2264
155 129 2264
129 19 9048
19 129 9048
129 63 2493
63 129 2493
129 42 2685
42 129 2685
129 136 5926
136 129 5926
129 189 3429
189 129 3429
129 146 9251
146 129 9251
129 110 9137
110 129 9137
129 47 7921
47 129 7921
129 37 5227
37 129 5227
130 13 358
13 130 358
130 97 4614
97 130 4614
130 158 4355
158 130 4355
130 74 5902
74 130 5902
130 21 6075
21 130 6075
130 42 8231
42 130 8231
130 162 8625
162 130 8625
130 10 833
10 130 833
130 56 6342
56 130 6342
130 60 6924
60 130 6924
130 81 3457
81 130 3457
130 63 4631
63 130 4631
130 133 6293
133 130 6293
130 166 6269
166 130 6269
130 1 7005
1 130 7005
130 62 5257
62 130 5257
130 8 700
8 130 700
130 102 2920
102 130 2920
130 20 3748
20 130 3748
131 197 2393
197 131 2393
131 112 5383
112 131 5383
131 98 6234
98 131 6234
131 137 5667
137 131 5667
131 27 5604
27 131 5604
131 18 3157
18 131 3157
131 37 6092
37 131 6092
131 84 3873
84 131 3873
131 81 4162
81 131 4162
131 24 219
24 131 219
131 181 6433
181 131 6433
131 21 1560
21 131 1560
131 146 2847
146 131 2847
131 5 1514
5 131 1514
131 120 3867
120 131 3867
131 127 2789
127 131 2789
131 50 6107
50 131 6107
131 36 821
36 131 821
132 79 7217
79 132 7217
132 111 9083
111 132 9083
132 135 3739
135 132 3739
132 76 2481
76 132 2481
132 38 8145
38 132 8145
132 42 8488
42 132 8488
132 17 2702
17 132 2702
132 26 7749
26 132 7749
132 167 899
167 132 899
132 98 2090
98 132 2090
132 189 9958
189 132 9958
132 138 4719
138 132 4719
132 181 8241
181 132 8241
132 190 4296
190 132 4296
132 84 836
84 132 836
132 152 8437
152 132 8437
132 66 3802
66 132 3802
132 48 5167
48 132 5167
132 110 6767
110 132 6767
133 196 6225
196 133 6225
133 197 4071
197 133 4071
133 91 610
91 133 610
133 78 5792
78 133 5792
133 174 4489
174 133 4489
133 35 979
35 133 979
133 130 6293
130 133 6293
133 70 7485
70 133 7485
133 145 9556
145 133 9556
133 157 119
157 133 119
133 10 294
10 133 294
133 64 9956
64 133 9956
133 134 276
134 133 276
133 15 5203
15 133 5203
133 83 9312
83 133 9312
133 125 5002
125 133 5002
133 37 4730
37 133 4730
134 22 4560
22 134 4560
134 3 7582
3 134 7582
134 19 6434
19 134 6434
134 173 6977
173 134 6977
134 149 9732
149 134 9732
134 189 1431
189 134 1431
134 172 5664
172 134 5664
134 143 6396
143 134 6396
134 126 1752
126 134 1752
134 121 6345
121 134 6345
134 47 8869
47 134 8869
134 81 519
81 134 519
134 157 8348
157 134 8348
134 183 7629
183 134 7629
134 77 6919
77 134 6919
134 9 4650
9 134 4650
134 133 276
133 134 276
134 193 5726
193 134 5726
134 12 861
12 134 861
135 160 3866
160 135 3866
135 194 4279
194 135 4279
135 31 3823
31 135 3823
135 83 4270
83 135 4270
135 167 9519
167 135 9519
135 53 1794
53 135 1794
135 169 1529
169 135 1529
135 196 9068
196 135 9068
135 120 1320
120 135 1320
135 193 2496
193 135 2496
135 108 8658
108 135 8658
135 198 7783
198 135 7783
135 132 3739
132 135 3739
135 144 1769
144 135 1769
135 178 6711
178 135 6711
135 25 7200
25 135 7200
135 39 4658
39 135 4658
135 173 5711
173 135 5711
135 84 6221
84 135 6221
135 112 1984
112 135 1984
135 24 9251
24 135 9251
135 183 6682
183 135 6682
135 80 1409
80 135 1409
135 87 9026
87 135 9026
135 177 2752
177 135 2752
135 123 7388
123 135 7388
136 187 9117
187 136 9117
136 99 7178
99 136 7178
136 41 4572
41 136 4572
136 50 1096
50 136 1096
136 51 9846
51 136 9846
136 96 4667
96 136 4667
136 24 5378
24 136 5378
136 101 6814
101 136 6814
136 129 5926
129 136 5926
136 83 4367
83 136 4367
136 140 7872
140 136 7872
136 22 7591
22 136 7591
136 126 4069
126 136 4069
136 156 5286
156 136 5286
136 77 1910
77 136 1910
136 90 4129
90 136 4129
136 154 5736
154 136 5736
136 66 1414
66 136 1414
136 9 5273
9 136 5273
136 109 8848
109 136 8848
137 199 678
199 137 678
137 159 9902
159 137 9902
137 25 7027
25 137 7027
137 100 2902
100 137 2902
137 50 8755
50 137 8755
137 131 5667
131 137 5667
137 42 7965
42 137 7965
137 91 8080
91 137 8080
137 0 7896
0 137 7896
137 172 8555
172 137 8555
137 32 6960
32 137 6960
137 70 1229
70 137 1229
137 45 2860
45 137 2860
137 26 5918
26 137 5918
137 187 892
187 137 892
137 168 7498
168 137 7498
137 177 6589
177 137 6589
137 124 9932
124 137 9932
137 75 5683
75 137 5683
137 116 7762
116 137 7762
137 53 6261
53 137 6261
137 139 5446
139 137 5446
138 196 1386
196 138 1386
138 97 1235
97 138 1235
138 91 6763
91 138 6763
138 180 5456
180 138 5456
138 175 8186
175 138 8186
138 181 2354
181 138 2354
138 132 4719
132 138 4719
138 157 3451
157 138 3451
138 195 3988
195 138 3988
138 72 4428
72 138 4428
138 89 7846
89 138 7846
138 154 2100
154 138 2100
138 193 6966
193 138 6966
138 68 9030
68 138 9030
138 93 7116
93 138 7116
138 126 2526
126 138 2526
138 161 4510
161 138 4510
138 8 8701
8 138 8701
138 36 8208
36 138 8208
139 0 546
0 139 546
139 16 6440
16 139 6440
139 96 6527
96 139 6527
139 157 4029
157 139 4029
139 150 5289
150 139 5289
139 67 9624
67 139 9624
139 137 5446
137 139 5446
139 42 4482
42 139 4482
139 168 2230
168 139 2230
139 8 4163
8 139 4163
139 154 5001
154 139 5001
139 187 6223
187 139 6223
139 101 6370
101 139 6370
139 165 9829
165 139 9829
139 64 5376
64 139 5376
140 153 3188
153 140 3188
140 67 3540
67 140 3540
140 105 674
105 140 674
140 78 7918
78 140 7918
140 103 8162
103 140 8162
140 23 6862
23 140 6862
140 62 5607
62 140 5607
140 5 8200
5 140 8200
140 74 9237
74 140 9237
140 149 2634
149 140 2634
140 123 168
123 140 168
140 13 4477
13 140 4477
140 111 130
111 140 130
140 163 6499
163 140 6499
140 197 2621
197 140 2621
140 113 6388
113 140 6388
140 184 6820
184 140 6820
140 58 9126
58 140 9126
140 63 158
63 140 158
140 136 7872
136 140 7872
140 80 4032
80 140 4032
140 75 1969
75 140 1969
140 47 7941
47 140 7941
141 65 777
65 141 777
141 16 8016
16 141 8016
141 103 6236
103 141 6236
141 17 332
17 141 332
141 46 5297
46 141 5297
141 80 424
80 141 424
141 90 9164
90 141 9164
141 149 2598
149 141 2598
141 4 1195
4 141 1195
141 33 7791
33 141 7791
141 154 6613
154 141 6613
141 168 7506
168 141 7506
141 85 1663
85 141 1663
141 99 2994
99 141 2994
141 189 8070
189 141 8070
141 1 7731
1 141 7731
141 70 6038
70 141 6038
141 144 5378
144 141 5378
141 36 6433
36 141 6433
142 22 7543
22 142 7543
142 5 3110
5 142 3110
142 21 8603
21 142 8603
142 107 972
107 142 972
142 24 108
24 142 108
142 80 9810
80 142 9810
142 42 1171
42 142 1171
142 185 8430
185 142 8430
142 13 5848
13 142 5848
142 128 8021
128 142 8021
142 100 4042
100 142 4042
142 75 1079
75 142 1079
142 97 4300
97 142 4300
142 154 2442
154 142 2442
142 176 3884
176 142 3884
142 35 5111
35 142 5111
142 152 9940
152 142 9940
142 95 9274
95 142 9274
142 14 1041
14 142 1041
142 175 5062
175 142 5062
143 114 3825
114 143 3825
143 172 8693
172 143 8693
143 28 6452
28 143 6452
143 97 7198
97 143 7198
143 67 2277
67 143 2277
143 194 652
194 143 652
143 101 7884
101 143 7884
143 29 1616
29 143 1616
143 110 5456
110 143 5456
143 32 4841
32 143 4841
143 12 9987
12 143 9987
143 43 2276
43 143 2276
143 85 8808
85 143 8808
143 147 3617
147 143 3617
143 34 3087
34 143 3087
143 39 7772
39 143 7772
143 100 3619
100 143 3619
143 21 9362
21 143 9362
143 183 5222
183 143 5222
143 134 6396
134 143 6396
143 89 6223
89 143 6223
143 2 285
2 143 285
143 99 6605
99 143 6605
144 199 2753
199 144 2753
144 0 648
0 144 648
144 135 1769
135 144 1769
144 25 6697
25 144 6697
144 63 2685
63 144 2685
144 173 7252
173 144 7252
144 46 9483
46 144 9483
144 107 521
107 144 521
144 43 2888
43 144 2888
144 122 8804
122 144 8804
144 70 6127
70 144 6127
144 141 5378
141 144 5378
144 19 8099
19 144 8099
144 77 7244
77 144 7244
144 109 6099
109 144 6099
144 99 5512
99 144 5512
144 54 3342
54 144 3342
145 114 9828
114 145 9828
145 21 3620
21 145 3620
145 46 2959
46 145 2959
145 59 2317
59 145 2317
145 4 5308
4 145 5308
145 126 8151
126 145 8151
145 6 4823
6 145 4823
145 133 9556
133 145 9556
145 17 9000
17 145 9000
145 30 2837
30 145 2837
145 16 5362
16 145 5362
145 67 3895
67 145 3895
145 71 4264
71 145 4264
145 187 5715
187 145 5715
145 166 52
166 145 52
145 106 7862
106 145 7862
145 37 4400
37 145 4400
146 25 5759
25 146 5759
146 58 2651
58 146 2651
146 162 7221
162 146 7221
146 94 1278
94 146 1278
146 131 2847
131 146 2847
146 123 9014
123 146 9014
146 4 1087
4 146 1087
146 33 9758
33 146 9758
146 95 6736
95 146 6736
146 37 8391
37 146 8391
146 40 1858
40 146 1858
146 166 5546
166 146 5546
146 129 9251
129 146 9251
146 148 6379
148 146 6379
146 57 2267
57 146 2267
146 92 7807
92 146 7807
147 159 3995
159 147 3995
147 143 3617
143 147 3617
147 184 2814
184 147 2814
147 63 6419
63 147 6419
147 17 589
17 147 589
147 29 4760
29 147 4760
147 172 6725
172 147 6725
147 178 6374
178 147 6374
147 69 7231
69 147 7231
147 154 6603
154 147 6603
147 121 3230
121 147 3230
147 191 4834
191 147 4834
147 35 9550
35 147 9550
147 120 8115
120 147 8115
147 28 3252
28 147 3252
148 13 4352
13 148 4352
148 58 2405
58 148 2405
148 187 1003
187 148 1003
148 162 9897
162 148 9897
148 69 2366
69 148 2366
148 82 6823
82 148 6823
148 186 9580
186 148 9580
148 173 2824
173 148 2824
148 72 5233
72 148 5233
148 111 8736
111 148 8736
148 54 3088
54 148 3088
148 17 2664
17 148 2664
148 175 2255
175 148 2255
148 189 3755
189 148 3755
148 179 3407
179 148 3407
148 146 6379
146 148 6379
149 140 2634
140 149 2634
149 0 2183
0 149 2183
149 15 1680
15 149 1680
149 40 7278
40 149 7278
149 35 116
35 149 116
149 134 9732
134 149 9732
149 10 4802
10 149 4802
149 97 2093
97 149 2093
149 57 4857
57 149 4857
149 141 2598
141 149 2598
149 72 8061
72 149 8061
149 8 4539
8 149 4539
149 17 5150
17 149 5150
149 23 5669
23 149 5669
149 51 634
51 149 634
149 189 5243
189 149 5243
149 87 6770
87 149 6770
149 52 662
52 149 662
149 6 9031
6 149 9031
149 92 9213
92 149 9213
150 79 6728
79 150 6728
150 155 6169
155 150 6169
150 23 784
23 150 784
150 26 5915
26 150 5915
150 173 1846
173 150 1846
150 167 9216
167 150 9216
150 98 4990
98 150 4990
150 87 2295
87 150 2295
150 177 5979
177 150 5979
150 95 5643
95 150 5643
150 82 162
82 150 162
150 12 9629
12 150 9629
150 139 5289
139 150 5289
150 188 9732
188 150 9732
150 162 3624
162 150 3624
151 160 6939
160 151 6939
151 57 5877
57 151 5877
151 47 5835
47 151 5835
151 8 1087
8 151 1087
151 7 1257
7 151 1257
151 45 9550
45 151 9550
151 188 8140
188 151 8140
151 198 2697
198 151 2697
151 108 2743
108 151 2743
151 64 3595
64 151 3595
151 185 2075
185 151 2075
151 114 4383
114 151 4383
151 49 5767
49 151 5767
151 192 5444
192 151 5444
151 89 4427
89 151 4427
151 79 9606
79 151 9606
151 113 9627
113 151 9627
151 61 7404
61 151 7404
151 78 6519
78 151 6519
151 26 2124
26 151 2124
151 110 1940
110 151 1940
151 18 9751
18 151 9751
151 92 6543
92 151 6543
152 16 8545
16 152 8545
152 98 4560
98 152 4560
152 69 6532
69 152 6532
152 163 8748
163 152 8748
152 28 5446
28 152 5446
152 24 2477
24 152 2477
152 71 541
71 152 541
152 142 9940
142 152 9940
152 172 7613
172 152 7613
152 76 4483
76 152 4483
152 49 4905
49 152 4905
152 164 897
164 152 897
152 132 8437
132 152 8437
152 32 6574
32 152 6574
152 66 6204
66 152 6204
152 99 9522
99 152 9522
153 140 3188
140 153 3188
153 118 741
118 153 741
153 197 5078
197 153 5078
153 155 8062
155 153 8062
153 61 3238
61 153 3238
153 19 2398
19 153 2398
153 17 453
17 153 453
153 48 2962
48 153 2962
153 186 1808
186 153 1808
153 167 6317
167 153 6317
153 199 229
199 153 229
153 184 1448
184 153 1448
153 92 4073
92 153 4073
153 77 8423
77 153 8423
153 83 5421
83 153 5421
153 40 901
40 153 901
153 59 6667
59 153 6667
153 169 5971
169 153 5971
153 18 4320
18 153 4320
153 20 1845
20 153 1845
153 198 5786
198 153 5786
154 56 893
56 154 893
154 13 4446
13 154 4446
154 97 5515
97 154 5515
154 111 7915
111 154 7915
154 122 3251
122 154 3251
154 119 6822
119 154 6822
154 24 3242
24 154 3242
154 138 2100
138 154 2100
154 142 2442
142 154 2442
154 64 5533
64 154 5533
154 141 6613
141 154 6613
154 95 1251
95 154 1251
154 136 5736
136 154 5736
154 147 6603
147 154 6603
154 60 5301
60 154 5301
154 125 307
125 154 307
154 36 609
36 154 609
154 139 5001
139 154 5001
154 193 6768
193 154 6768
155 65 2965
65 155 2965
155 41 6539
41 155 6539
155 81 4691
81 155 4691
155 52 4662
52 155 4662
155 150 6169
150 155 6169
155 6 7027
6 155 7027
155 84 6669
84 155 6669
155 28 5083
28 155 5083
155 153 8062
153 155 8062
155 129 2264
129 155 2264
155 107 7039
107 155 7039
155 33 8641
33 155 8641
155 120 195
120 155 195
155 174 2205
174 155 2205
155 68 9959
68 155 9959
155 69 4830
69 155 4830
155 126 6372
126 155 6372
155 36 7714
36 155 7714
156 118 9158
118 156 9158
156 25 7
25 156 7
156 85 4447
85 156 4447
156 100 1393
100 156 1393
156 186 7184
186 156 7184
156 136 5286
136 156 5286
156 98 6818
98 156 6818
156 10 8497
10 156 8497
156 1 8643
1 156 8643
156 157 1881
157 156 1881
156 127 6815
127 156 6815
156 174 1597
174 156 1597
156 71 604
71 156 604
156 23 9540
23 156 9540
156 27 6880
27 156 6880
156 14 2136
14 156 2136
157 77 6367
77 157 6367
157 186 6714
186 157 6714
157 90 5553
90 157 5553
157 138 3451
138 157 3451
157 168 1709
168 157 1709
157 134 8348
134 157 8348
157 62 5709
62 157 5709
157 194 4912
194 157 4912
157 139 4029
139 157 4029
157 156 1881
156 157 1881
157 123 1870
123 157 1870
157 180 969
180 157 969
157 111 383
111 157 383
157 86 4081
86 157 4081
157 133 119
133 157 119
158 3 6133
3 158 6133
158 159 4243
159 158 4243
158 60 49
60 158 49
158 179 5757
179 158 5757
158 5 9500
5 158 9500
158 193 9391
193 158 9391
158 42 9621
42 158 9621
158 99 6567
99 158 6567
158 125 2980
125 158 2980
158 72 4969
72 158 4969
158 130 4355
130 158 4355
158 123 6580
123 158 6580
158 0 7420
0 158 7420
158 51 7816
51 158 7816
158 73 8960
73 158 8960
158 197 8330
197 158 8330
158 41 5951
41 158 5951
158 119 5811
119 158 5811
158 86 19
86 158 19
158 35 6043
35 158 6043
158 83 8763
83 158 8763
158 128 6895
128 158 6895
158 1 1397
1 158 1397
158 50 3017
50 158 3017
158 192 3786
192 158 3786
159 13 7860
13 159 7860
159 137 9902
137 159 9902
159 126 7534
126 159 7534
159 48 8648
48 159 8648
159 84 3613
84 159 3613
159 188 1530
188 159 1530
159 56 2058
56 159 2058
159 158 4243
158 159 4243
159 182 9293
182 159 9293
159 147 3995
147 159 3995
159 86 8712
86 159 8712
159 179 624
179 159 624
159 178 2542
178 159 2542
159 90 383
90 159 383
159 41 2382
41 159 2382
159 0 6461
0 159 6461
159 76 105
76 159 105
159 27 9059
27 159 9059
159 110 9702
110 159 9702
159 18 3997
18 159 3997
160 151 6939
151 160 6939
160 13 4275
13 160 4275
160 22 6863
22 160 6863
160 77 6310
77 160 6310
160 135 3866
135 160 3866
160 41 4792
41 160 4792
160 61 4144
61 160 4144
160 78 8395
78 160 8395
160 126 6643
126 160 6643
160 68 6171
68 160 6171
160 125 4512
125 160 4512
160 55 9811
55 160 9811
160 195 9729
195 160 9729
160 101 8230
101 160 8230
160 87 1726
87 160 1726
160 27 9217
27 160 9217
161 3 3924
3 161 3924
161 97 6139
97 161 6139
161 5 6897
5 161 6897
161 58 391
58 161 391
161 193 1483
193 161 1483
161 121 3518
121 161 3518
161 56 6483
56 161 6483
161 120 1977
120 161 1977
161 178 9718
178 161 9718
161 138 4510
138 161 4510
161 198 7749
198 161 7749
161 39 3056
39 161 3056
161 110 8771
110 161 8771
161 95 3737
95 161 3737
161 44 3436
44 161 3436
161 185 6114
185 161 6114
161 47 201
47 161 201
162 0 8164
0 162 8164
162 100 6033
100 162 6033
162 40 5256
40 162 5256
162 172 5799
172 162 5799
162 14 818
14 162 818
162 12 3870
12 162 3870
162 148 9897
148 162 9897
162 130 8625
130 162 8625
162 180 5593
180 162 5593
162 118 5189
118 162 5189
162 60 448
60 162 448
162 41 1278
41 162 1278
162 67 4920
67 162 4920
162 99 9709
99 162 9709
162 146 7221
146 162 7221
162 43 18
43 162 18
162 48 4688
48 162 4688
162 191 2762
191 162 2762
162 150 3624
150 162 3624
162 88 4055
88 162 4055
163 140 6499
140 163 6499
163 111 1492
111 163 1492
163 41 347
41 163 347
163 119 5926
119 163 5926
163 42 6849
42 163 6849
163 86 3629
86 163 3629
163 183 9774
183 163 9774
163 169 328
169 163 328
163 152 8748
152 163 8748
163 9 3866
9 163 3866
163 171 9550
171 163 9550
163 73 8627
73 163 8627
163 194 9730
194 163 9730
163 104 4661
104 163 4661
163 23 7312
23 163 7312
163 182 615
182 163 615
163 175 8681
175 163 8681
164 22 208
22 164 208
164 5 6473
5 164 6473
164 78 3768
78 164 3768
164 186 1291
186 164 1291
164 49 2667
49 164 2667
164 152 897
152 164 897
164 165 4221
165 164 4221
164 73 2602
73 164 2602
164 20 2151
20 164 2151
164 120 7147
120 164 7147
164 123 9797
123 164 9797
164 82 1555
82 164 1555
164 64 3705
64 164 3705
164 6 6019
6 164 6019
164 40 3741
40 164 3741
164 109 4097
109 164 4097
165 22 8077
22 165 8077
165 97 2364
97 165 2364
165 78 8726
78 165 8726
165 172 6917
172 165 6917
165 43 6953
43 165 6953
165 166 7080
166 165 7080
165 117 3979
117 165 3979
165 164 4221
164 165 4221
165 167 4399
167 165 4399
165 16 4762
16 165 4762
165 8 8702
8 165 8702
165 121 6712
121 165 6712
165 19 6086
19 165 6086
165 168 5530
168 165 5530
165 114 3001
114 165 3001
165 34 2816
34 165 2816
165 54 3686
54 165 3686
165 139 9829
139 165 9829
166 22 2133
22 166 2133
166 187 6549
187 166 6549
166 186 9538
186 166 9538
166 42 8120
42 166 8120
166 17 7625
17 166 7625
166 126 3756
126 166 3756
166 179 6183
179 166 6183
166 86 1022
86 166 1022
166 78 820
78 166 820
166 82 8200
82 166 8200
166 2 3877
2 166 3877
166 128 5370
128 166 5370
166 84 8110
84 166 8110
166 192 8116
192 166 8116
166 165 7080
165 166 7080
166 130 6269
130 166 6269
166 145 52
145 166 52
166 146 5546
146 166 5546
166 44 1163
44 166 1163
166 198 2001
198 166 2001
166 92 5670
92 166 5670
167 118 1890
118 167 1890
167 7 2076
7 167 2076
167 135 9519
135 167 9519
167 86 9716
86 167 9716
167 153 6317
153 167 6317
167 120 7186
120 167 7186
167 132 899
132 167 899
167 121 1574
121 167 1574
167 84 6193
84 167 6193
167 172 3859
172 167 3859
167 58 4170
58 167 4170
167 26 1578
26 167 1578
167 68 2357
68 167 2357
167 150 9216
150 167 9216
167 21 4356
21 167 4356
167 69 1295
69 167 1295
167 33 3923
33 167 3923
167 165 4399
165 167 4399
167 9 9495
9 167 9495
167 51 1134
51 167 1134
168 13 4333
13 168 4333
168 174 9164
174 168 9164
168 176 2274
176 168 2274
168 44 662
44 168 662
168 19 5990
19 168 5990
168 62 5160
62 168 5160
168 118 3511
118 168 3511
168 103 3712
103 168 3712
168 186 9225
186 168 9225
168 191 8603
191 168 8603
168 108 382
108 168 382
168 157 1709
157 168 1709
168 54 7795
54 168 7795
168 0 8700
0 168 8700
168 137 7498
137 168 7498
168 141 7506
141 168 7506
168 165 5530
165 168 5530
168 106 668
106 168 668
168 14 7485
14 168 7485
168 53 2296
53 168 2296
168 139 2230
139 168 2230
169 118 275
118 169 275
169 0 2620
0 169 2620
169 197 8089
197 169 8089
169 135 1529
135 169 1529
169 32 3648
32 169 3648
169 17 4989
17 169 4989
169 176 2774
176 169 2774
169 43 6940
43 169 6940
169 83 2436
83 169 2436
169 1 9342
1 169 9342
169 153 5971
153 169 5971
169 163 328
163 169 328
169 44 8060
44 169 8060
169 70 1539
70 169 1539
169 93 9318
93 169 9318
170 187 6981
187 170 6981
170 100 4083
100 170 4083
170 15 3482
15 170 3482
170 66 1394
66 170 1394
170 60 6888
60 170 6888
170 48 9736
48 170 9736
170 181 4704
181 170 4704
170 93 9959
93 170 9959
170 9 2029
9 170 2029
170 32 3913
32 170 3913
170 184 5113
184 170 5113
170 70 6702
70 170 6702
170 5 3722
5 170 3722
170 17 4403
17 170 4403
170 71 8573
71 170 8573
171 199 6888
199 171 6888
171 41 5383
41 171 5383
171 71 3153
71 171 3153
171 103 561
103 171 561
171 173 3433
173 171 3433
171 101 6572
101 171 6572
171 174 5353
174 171 5353
171 34 992
34 171 992
171 72 2239
72 171 2239
171 163 9550
163 171 9550
171 28 5830
28 171 5830
171 79 7715
79 171 7715
171 76 4771
76 171 4771
171 1 1438
1 171 1438
171 59 2781
59 171 2781
171 124 8515
124 171 8515
171 12 2070
12 171 2070
172 111 7338
111 172 7338
172 0 2069
0 172 2069
172 143 8693
143 172 8693
172 32 5949
32 172 5949
172 16 7312
16 172 7312
172 19 2676
19 172 2676
172 17 7256
17 172 7256
172 120 2976
120 172 2976
172 167 3859
167 172 3859
172 31 9631
31 172 9631
172 147 6725
147 172 6725
172 81 591
81 172 591
172 162 5799
162 172 5799
172 191 2550
191 172 2550
172 165 6917
165 172 6917
172 178 4234
178 172 4234
172 137 8555
137 172 8555
172 43 5518
43 172 5518
172 94 4092
94 172 4092
172 152 7613
152 172 7613
172 134 5664
134 172 5664
172 60 4803
60 172 4803
172 124 2615
124 172 2615
172 192 4808
192 172 4808
172 45 2969
45 172 2969
173 129 4481
129 173 4481
173 88 858
88 173 858
173 72 2581
72 173 2581
173 134 6977
134 173 6977
173 67 7082
67 173 7082
173 135 5711
135 173 5711
173 90 3418
90 173 3418
173 124 9048
124 173 9048
173 121 8205
121 173 8205
173 144 7252
144 173 7252
173 71 2019
71 173 2019
173 150 1846
150 173 1846
173 171 3433
171 173 3433
173 107 5669
107 173 5669
173 98 5675
98 173 5675
173 178 1886
178 173 1886
173 148 2824
148 173 2824
173 89 6914
89 173 6914
174 155 2205
155 174 2205
174 186 2864
186 174 2864
174 26 210
26 174 210
174 198 3779
198 174 3779
174 66 5048
66 174 5048
174 120 8821
120 174 8821
174 168 9164
168 174 9164
174 133 4489
133 174 4489
174 64 7920
64 174 7920
174 25 6165
25 174 6165
174 171 5353
171 174 5353
174 196 5909
196 174 5909
174 7 1022
7 174 1022
174 128 7121
128 174 7121
174 13 6718
13 174 6718
174 183 9107
183 174 9107
174 69 3256
69 174 3256
174 57 3675
57 174 3675
174 156 1597
156 174 1597
175 199 1709
199 175 1709
175 114 8236
114 175 8236
175 5 3512
5 175 3512
175 32 3258
32 175 3258
175 186 1128
186 175 1128
175 190 3352
190 175 3352
175 138 8186
138 175 8186
175 148 2255
148 175 2255
175 115 4512
115 175 4512
175 45 9923
45 175 9923
175 142 5062
142 175 5062
175 50 1625
50 175 1625
175 163 8681
163 175 8681
175 106 6806
106 175 6806
175 73 8129
73 175 8129
176 85 7010
85 176 7010
176 91 3182
91 176 3182
176 23 393
23 176 393
176 63 7660
63 176 7660
176 101 4462
101 176 4462
176 42 9544
42 176 9544
176 21 8713
21 176 8713
176 189 1332
189 176 1332
176 13 6741
13 176 6741
176 7 8508
7 176 8508
176 169 2774
169 176 2774
176 81 7882
81 176 7882
176 168 2274
168 176 2274
176 31 6902
31 176 6902
176 52 9852
52 176 9852
176 59 5345
59 176 5345
176 142 3884
142 176 3884
176 177 7547
177 176 7547
176 117 8279
117 176 8279
176 2 7097
2 176 7097
177 129 615
129 177 615
177 71 5128
71 177 5128
177 69 3394
69 177 3394
177 12 4194
12 177 4194
177 119 8906
119 177 8906
177 10 1696
10 177 1696
177 150 5979
150 177 5979
177 15 1714
15 177 1714
177 137 6589
137 177 6589
177 101 1334
101 177 1334
177 16 7464
16 177 7464
177 48 9747
48 177 9747
177 176 7547
176 177 7547
177 34 5774
34 177 5774
177 135 2752
135 177 2752
177 27 3642
27 177 3642
177 75 8433
75 177 8433
178 79 7729
79 178 7729
178 159 2542
159 178 2542
178 135 6711
135 178 6711
178 119 3327
119 178 3327
178 55 5284
55 178 5284
178 49 2502
49 178 2502
178 185 9993
185 178 9993
178 179 664
179 178 664
178 103 8827
103 178 8827
178 89 3149
89 178 3149
178 73 1223
73 178 1223
178 147 6374
147 178 6374
178 173 1886
173 178 1886
178 125 7436
125 178 7436
178 172 4234
172 178 4234
178 161 9718
161 178 9718
178 115 8099
115 178 8099
178 33 8528
33 178 8528
178 51 3504
51 178 3504
178 121 7377
121 178 7377
179 159 624
159 179 624
179 158 5757
158 179 5757
179 113 8490
113 179 8490
179 58 2435
58 179 2435
179 85 4604
85 179 4604
179 38 9506
38 179 9506
179 84 5525
84 179 5525
179 178 664
178 179 664
179 190 6312
190 179 6312
179 30 3598
30 179 3598
179 148 3407
148 179 3407
179 166 6183
166 179 6183
179 88 6612
88 179 6612
179 8 5995
8 179 5995
179 125 7176
125 179 7176
179 104 341
104 179 341
180 111 2524
111 180 2524
180 186 7956
186 180 7956
180 40 5235
40 180 5235
180 117 8129
117 180 8129
180 184 9712
184 180 9712
180 138 5456
138 180 5456
180 75 3275
75 180 3275
180 39 2338
39 180 2338
180 10 8448
10 180 8448
180 33 5267
33 180 5267
180 101 3585
101 180 3585
180 125 8920
125 180 8920
180 105 5332
105 180 5332
180 92 4071
92 180 4071
180 90 5060
90 180 5060
180 190 4844
190 180 4844
180 162 5593
162 180 5593
180 157 969
157 180 969
180 50 158
50 180 158
181 26 6234
26 181 6234
181 46 8382
46 181 8382
181 98 2897
98 181 2897
181 138 2354
138 181 2354
181 4 8806
4 181 8806
181 132 8241
132 181 8241
181 131 6433
131 181 6433
181 55 7267
55 181 7267
181 73 1873
73 181 1873
181 34 7369
34 181 7369
181 63 4701
63 181 4701
181 106 8313
106 181 8313
181 53 438
53 181 438
181 170 4704
170 181 4704
181 1 7908
1 181 7908
181 20 2447
20 181 2447
182 159 9293
159 182 9293
182 111 9037
111 182 9037
182 101 9634
101 182 9634
182 98 3577
98 182 3577
182 80 3061
80 182 3061
182 87 5547
87 182 5547
182 10 594
10 182 594
182 95 5939
95 182 5939
182 52 5304
52 182 5304
182 104 7722
104 182 7722
182 25 4842
25 182 4842
182 56 9093
56 182 9093
182 69 5332
69 182 5332
182 124 9920
124 182 9920
182 163 615
163 182 615
182 37 5213
37 182 5213
183 5 8021
5 183 8021
183 129 8488
129 183 8488
183 187 198
187 183 198
183 39 4306
39 183 4306
183 122 2832
122 183 2832
183 100 9591
100 183 9591
183 112 4999
112 183 4999
183 128 5623
128 183 5623
183 143 5222
143 183 5222
183 174 9107
174 183 9107
183 135 6682
135 183 6682
183 163 9774
163 183 9774
183 85 801
85 183 801
183 56 7592
56 183 7592
183 28 9797
28 183 9797
183 80 4485
80 183 4485
183 34 7437
34 183 7437
183 134 7629
134 183 7629
183 27 4164
27 183 4164
183 9 3207
9 183 3207
183 127 6339
127 183 6339
184 56 9772
56 184 9772
184 104 1033
104 184 1033
184 89 7284
89 184 7284
184 51 8925
51 184 8925
184 82 9306
82 184 9306
184 96 7065
96 184 7065
184 147 2814
147 184 2814
184 24 3573
24 184 3573
184 196 3140
196 184 3140
184 49 3968
49 184 3968
184 10 2045
10 184 2045
184 140 6820
140 184 6820
184 75 3674
75 184 3674
184 107 8699
107 184 8699
184 59 6670
59 184 6670
184 187 700
187 184 700
184 119 556
119 184 556
184 180 9712
180 184 9712
184 153 1448
153 184 1448
184 29 3846
29 184 3846
184 15 6280
15 184 6280
184 108 6644
108 184 6644
184 170 5113
170 184 5113
184 18 5896
18 184 5896
184 195 1339
195 184 1339
185 56 8815
56 185 8815
185 151 2075
151 185 2075
185 196 1324
196 185 1324
185 41 9391
41 185 9391
185 187 5027
187 185 5027
185 91 7980
91 185 7980
185 178 9993
178 185 9993
185 190 8255
190 185 8255
185 57 8993
57 185 8993
185 142 8430
142 185 8430
185 115 8639
115 185 8639
185 161 6114
161 185 6114
185 70 7143
70 185 7143
185 188 8128
188 185 8128
185 194 2099
194 185 2099
185 67 2528
67 185 2528
185 102 9654
102 185 9654
186 13 4874
13 186 4874
186 199 6767
199 186 6767
186 175 1128
175 186 1128
186 36 4105
36 186 4105
186 6 9522
6 186 9522
186 174 2864
174 186 2864
186 18 107
18 186 107
186 106 2610
106 186 2610
186 166 9538
166 186 9538
186 156 7184
156 186 7184
186 23 9327
23 186 9327
186 180 7956
180 186 7956
186 41 3075
41 186 3075
186 157 6714
157 186 6714
186 164 1291
164 186 1291
186 49 2485
49 186 2485
186 153 1808
153 186 1808
186 112 6332
112 186 6332
186 168 9225
168 186 9225
186 148 9580
148 186 9580
186 9 4786
9 186 4786
187 22 4236
22 187 4236
187 197 9114
197 187 9114
187 136 9117
136 187 9117
187 183 198
183 187 198
187 100 8531
100 187 8531
187 166 6549
166 187 6549
187 53 4883
53 187 4883
187 148 1003
148 187 1003
187 27 3816
27 187 3816
187 195 88
195 187 88
187 51 7805
51 187 7805
187 54 5181
54 187 5181
187 184 700
184 187 700
187 185 5027
185 187 5027
187 170 6981
170 187 6981
187 96 4695
96 187 4695
187 137 892
137 187 892
187 124 230
124 187 230
187 145 5715
145 187 5715
187 139 6223
139 187 6223
188 151 8140
151 188 8140
188 159 1530
159 188 1530
188 7 2780
7 188 2780
188 113 3102
113 188 3102
188 85 1115
85 188 1115
188 39 4263
39 188 4263
188 76 5702
76 188 5702
188 49 7031
49 188 7031
188 46 5939
46 188 5939
188 84 1147
84 188 1147
188 59 4415
59 188 4415
188 68 5215
68 188 5215
188 185 8128
185 188 8128
188 197 9430
197 188 9430
188 121 2017
121 188 2017
188 50 8899
50 188 8899
188 150 9732
150 188 9732
188 192 2375
192 188 2375
189 3 7536
3 189 7536
189 199 5999
199 189 5999
189 46 5892
46 189 5892
189 112 697
112 189 697
189 129 3429
129 189 3429
189 134 1431
134 189 1431
189 149 5243
149 189 5243
189 60 9775
60 189 9775
189 68 8022
68 189 8022
189 132 9958
132 189 9958
189 127 2968
127 189 2968
189 99 6674
99 189 6674
189 16 7000
16 189 7000
189 105 3305
105 189 3305
189 8 3613
8 189 3613
189 176 1332
176 189 1332
189 30 5055
30 189 5055
189 148 3755
148 189 3755
189 141 8070
141 189 8070
189 14 6854
14 189 6854
189 104 2518
104 189 2518
190 76 5135
76 190 5135
190 125 3989
125 190 3989
190 175 3352
175 190 3352
190 93 8318
93 190 8318
190 185 8255
185 190 8255
190 120 8606
120 190 8606
190 86 6921
86 190 6921
190 43 8130
43 190 8130
190 102 9683
102 190 9683
190 74 1403
74 190 1403
190 180 4844
180 190 4844
190 49 5026
49 190 5026
190 179 6312
179 190 6312
190 110 5723
110 190 5723
190 36 3573
36 190 3573
190 132 4296
132 190 4296
191 113 6813
113 191 6813
191 96 6411
96 191 6411
191 76 561
76 191 561
191 38 7454
38 191 7454
191 21 4606
21 191 4606
191 103 4219
103 191 4219
191 26 5344
26 191 5344
191 84 544
84 191 544
191 172 2550
172 191 2550
191 90 6625
90 191 6625
191 168 8603
168 191 8603
191 115 5906
115 191 5906
191 48 3113
48 191 3113
191 162 2762
162 191 2762
191 121 1494
121 191 1494
191 147 4834
147 191 4834
192 151 5444
151 192 5444
192 166 8116
166 192 8116
192 113 4000
113 192 4000
192 54 8583
54 192 8583
192 57 6166
57 192 6166
192 188 2375
188 192 2375
192 158 3786
158 192 3786
192 95 8831
95 192 8831
192 78 7737
78 192 7737
192 20 494
20 192 494
192 27 9441
27 192 9441
192 61 6610
61 192 6610
192 122 7460
122 192 7460
192 98 4566
98 192 4566
192 172 4808
172 192 4808
192 45 199
45 192 199
193 199 2915
199 193 2915
193 158 9391
158 193 9391
193 135 2496
135 193 2496
193 129 9429
129 193 9429
193 41 6498
41 193 6498
193 91 426
91 193 426
193 138 6966
138 193 6966
193 161 1483
161 193 1483
193 72 8521
72 193 8521
193 98 5832
98 193 5832
193 154 6768
154 193 6768
193 113 949
113 193 949
193 45 2429
45 193 2429
193 78 5784
78 193 5784
193 134 5726
134 193 5726
194 22 3179
22 194 3179
194 3 2490
3 194 2490
194 196 5337
196 194 5337
194 143 652
143 194 652
194 135 4279
135 194 4279
194 5 2233
5 194 2233
194 157 4912
157 194 4912
194 185 2099
185 194 2099
194 199 8114
199 194 8114
194 60 8928
60 194 8928
194 45 8206
45 194 8206
194 163 9730
163 194 9730
194 118 617
118 194 617
194 18 5038
18 194 5038
194 66 5737
66 194 5737
195 187 88
187 195 88
195 38 9267
38 195 9267
195 138 3988
138 195 3988
195 94 231
94 195 231
195 60 5577
60 195 5577
195 160 9729
160 195 9729
195 124 4519
124 195 4519
195 116 3366
116 195 3366
195 102 696
102 195 696
195 45 9632
45 195 9632
195 25 6754
25 195 6754
195 111 5663
111 195 5663
195 127 1760
127 195 1760
195 118 2824
118 195 2824
195 184 1339
184 195 1339
196 53 2223
53 196 2223
196 185 1324
185 196 1324
196 120 6502
120 196 6502
196 133 6225
133 196 6225
196 67 8223
67 196 8223
196 23 9337
23 196 9337
196 24 3875
24 196 3875
196 138 1386
138 196 1386
196 80 5540
80 196 5540
196 43 4900
43 196 4900
196 194 5337
194 196 5337
196 36 9188
36 196 9188
196 110 4083
110 196 4083
196 85 9714
85 196 9714
196 109 751
109 196 751
196 135 9068
135 196 9068
196 184 3140
184 196 3140
196 103 4174
103 196 4174
196 174 5909
174 196 5909
197 140 2621
140 197 2621
197 169 8089
169 197 8089
197 43 2619
43 197 2619
197 187 9114
187 197 9114
197 40 7215
40 197 7215
197 0 1724
0 197 1724
197 153 5078
153 197 5078
197 83 5999
83 197 5999
197 15 2223
15 197 2223
197 116 3936
116 197 3936
197 122 3493
122 197 3493
197 158 8330
158 197 8330
197 68 6284
68 197 6284
197 131 2393
131 197 2393
197 133 4071
133 197 4071
197 76 5081
76 197 5081
197 49 3798
49 197 3798
197 64 3575
64 197 3575
197 35 6280
35 197 6280
197 27 366
27 197 366
197 127 1860
127 197 1860
197 188 9430
188 197 9430
198 151 2697
151 198 2697
198 7 1918
7 198 1918
198 135 7783
135 198 7783
198 58 8958
58 198 8958
198 23 2838
23 198 2838
198 174 3779
174 198 3779
198 30 5564
30 198 5564
198 161 7749
161 198 7749
198 64 11
64 198 11
198 75 6878
75 198 6878
198 8 70
8 198 70
198 88 2446
88 198 2446
198 33 8196
33 198 8196
198 166 2001
166 198 2001
198 153 5786
153 198 5786
199 107 9976
107 199 9976
199 102 6851
102 199 6851
199 144 2753
144 199 2753
199 40 2622
40 199 2622
199 186 6767
186 199 6767
199 189 5999
189 199 5999
199 15 2848
15 199 2848
199 193 2915
193 199 2915
199 4 4009
4 199 4009
199 171 6888
171 199 6888
199 38 4319
38 199 4319
199 175 1709
175 199 1709
199 59 3269
59 199 3269
199 137 678
137 199 678
199 42 8943
42 199 8943
199 97 2690
97 199 2690
199 0 8021
0 199 8021
199 103 7083
103 199 7083
199 153 229
153 199 229
199 90 1988
90 199 1988
199 66 475
66 199 475
199 75 4623
75 199 4623
199 194 8114
194 199 8114
199 36 7541
36 199 7541
199 53 4899
53 199 4899
